
% 2015-10-17 01:04:31

% my_logs\longTest1\1_0_1\rep_17\priority_log.m
scheduling_duration_us = 2049;

% schedule
schedule_f_t_n(:,:,1) = [5, 0; 5, 0; 5, 0; 5, 0; 5, 0; 0, 5; 0, 5; 0, 5; 0, 5; 0, 5; 0, 5; 0, 5; 0, 5; 0, 5; 0, 5; 0, 5; 5, 0; 5, 0; 5, 0; 5, 0; 0, 0; 0, 0; 0, 0; 0, 0; 0, 0];
schedule_f_t_n(:,:,2) = [0, 0; 0, 0; 0, 0; 0, 0; 0, 0; 0, 0; 0, 0; 0, 0; 0, 0; 0, 0; 0, 0; 0, 0; 0, 0; 0, 0; 0, 0; 0, 0; 0, 0; 0, 0; 0, 0; 0, 0; 0, 0; 0, 0; 0, 0; 0, 0; 0, 0];

% cost function results
vioSt = [0, 0];
vioDl = [0, 0];
vioNon = [1440, 2800];
vioTpMin = [0, 0, 0, 0, 0, 0, 0, 0, 0, 0, 0, 0, 0, 0, 0, 0, 0, 0, 0, 0, 0, 0, 0, 0, 0; 0, 0, 0, 0, 0, 0, 0, 0, 0, 0, 0, 0, 0, 0, 0, 0, 0, 0, 0, 0, 0, 0, 0, 0, 0];
vioTp = [0, 0];
vioLcy = [13400, 0];
vioJit = [7775, 0];
cost_vio = 200520;
cost_switches = 400;
cost_ch = 560;
costTotal = 201480;

% priority
% 
% ############### Network 0 ##############
% F0	|[0]5	|5	|5	|5	|5	|	|	|	|	|	|[10]	|	|	|	|	|	|5	|5	|5	|5	|[20]	|	|	|	|	|
% ############### Network 1 ##############
% F0	|[0]	|	|	|	|	|5	|5	|5	|5	|5	|[10]5	|5	|5	|5	|5	|5	|	|	|	|	|[20]	|	|	|	|	|

