
% 2016-05-25 16:31:06

% my_logs\eval_4_4_3_c15\4_1_0\rep_2\Random_log.m
scheduling_duration_us = 85979;

% schedule
schedule_f_t_n(:,:,1) = [0; 0; 0; 0; 0; 0; 0; 0; 0; 0; 0; 0; 0; 0; 0; 0; 0; 0; 0; 0; 0; 0; 0; 0; 0; 0; 0; 0; 0; 0; 0; 0; 0; 0; 0; 0; 0; 0; 0; 0; 0; 0; 0; 0; 0; 0; 0; 0; 0; 0];
schedule_f_t_n(:,:,2) = [0; 0; 0; 0; 0; 0; 0; 0; 0; 0; 0; 0; 0; 0; 0; 0; 0; 0; 0; 0; 0; 0; 0; 0; 0; 0; 0; 0; 0; 0; 0; 0; 0; 0; 0; 0; 0; 0; 0; 0; 0; 0; 0; 0; 0; 0; 0; 0; 0; 0];
schedule_f_t_n(:,:,3) = [0; 0; 0; 0; 0; 0; 0; 0; 0; 0; 0; 0; 0; 0; 0; 0; 0; 0; 0; 7; 7; 7; 0; 0; 0; 0; 0; 0; 0; 0; 0; 0; 0; 0; 0; 0; 0; 0; 0; 0; 7; 7; 7; 7; 7; 7; 0; 0; 0; 0];
schedule_f_t_n(:,:,4) = [0; 0; 0; 0; 0; 0; 0; 0; 0; 0; 0; 0; 0; 0; 0; 0; 0; 0; 0; 0; 0; 0; 0; 0; 0; 0; 0; 0; 0; 0; 0; 0; 0; 0; 0; 0; 0; 0; 0; 0; 0; 0; 0; 0; 0; 0; 0; 0; 0; 0];
schedule_f_t_n(:,:,5) = [0; 0; 0; 0; 0; 0; 0; 0; 0; 0; 0; 0; 0; 0; 0; 0; 0; 0; 0; 0; 0; 0; 0; 0; 0; 0; 0; 0; 0; 20; 35; 35; 35; 35; 35; 35; 35; 35; 35; 35; 0; 0; 0; 0; 0; 0; 0; 0; 0; 0];
schedule_f_t_n(:,:,6) = [52; 52; 52; 52; 52; 52; 52; 52; 52; 46; 46; 46; 46; 46; 46; 46; 46; 44; 0; 0; 0; 0; 0; 0; 0; 0; 0; 0; 0; 0; 0; 0; 0; 0; 0; 0; 0; 0; 0; 0; 0; 0; 0; 0; 0; 0; 0; 0; 0; 0];
schedule_f_t_n(:,:,7) = [0; 0; 0; 0; 0; 0; 0; 0; 0; 6; 6; 6; 6; 6; 6; 6; 6; 6; 6; 6; 6; 6; 6; 6; 6; 6; 6; 6; 6; 6; 6; 6; 6; 6; 6; 6; 6; 6; 6; 6; 6; 6; 6; 6; 6; 6; 0; 0; 0; 0];
schedule_f_t_n(:,:,8) = [0; 0; 0; 0; 0; 0; 0; 0; 0; 0; 0; 0; 0; 0; 0; 0; 0; 0; 0; 0; 0; 0; 0; 0; 0; 0; 0; 0; 0; 0; 0; 0; 0; 0; 0; 0; 0; 0; 0; 0; 0; 0; 0; 0; 0; 0; 0; 0; 0; 0];
schedule_f_t_n(:,:,9) = [0; 0; 0; 0; 0; 0; 0; 0; 0; 0; 0; 0; 0; 0; 0; 0; 0; 0; 0; 0; 0; 0; 46; 46; 46; 46; 46; 46; 46; 15; 0; 0; 0; 0; 0; 0; 0; 0; 0; 0; 0; 0; 0; 0; 0; 0; 0; 0; 0; 0];
schedule_f_t_n(:,:,10) = [0; 0; 0; 0; 0; 0; 0; 0; 0; 0; 0; 0; 0; 0; 0; 0; 0; 2; 46; 39; 39; 39; 0; 0; 0; 0; 0; 0; 0; 0; 0; 0; 0; 0; 0; 0; 0; 0; 0; 0; 0; 0; 0; 0; 0; 0; 0; 0; 0; 0];
schedule_f_t_n(:,:,11) = [0; 0; 0; 0; 0; 0; 0; 0; 0; 0; 0; 0; 0; 0; 0; 0; 0; 0; 0; 0; 0; 0; 0; 0; 0; 0; 0; 0; 0; 11; 11; 11; 11; 11; 11; 11; 11; 11; 11; 11; 11; 0; 0; 0; 0; 0; 0; 0; 0; 0];
schedule_f_t_n(:,:,12) = [0; 0; 0; 0; 0; 0; 0; 0; 0; 0; 0; 0; 0; 0; 0; 0; 0; 0; 0; 0; 0; 0; 0; 0; 0; 0; 0; 0; 0; 0; 0; 0; 0; 0; 0; 0; 0; 0; 0; 0; 19; 30; 30; 30; 30; 30; 43; 0; 0; 0];
schedule_f_t_n(:,:,13) = [0; 0; 0; 0; 0; 0; 0; 0; 0; 0; 0; 0; 0; 0; 0; 0; 0; 0; 0; 0; 0; 0; 0; 0; 0; 0; 0; 0; 0; 0; 0; 0; 0; 0; 0; 0; 0; 0; 0; 0; 0; 0; 0; 0; 0; 0; 0; 0; 0; 0];
schedule_f_t_n(:,:,14) = [0; 0; 0; 0; 0; 0; 0; 0; 0; 0; 0; 0; 0; 0; 0; 0; 0; 0; 0; 0; 0; 0; 0; 0; 0; 0; 0; 0; 0; 0; 0; 0; 0; 0; 0; 0; 0; 0; 0; 0; 0; 0; 0; 0; 0; 0; 0; 0; 0; 0];
schedule_f_t_n(:,:,15) = [0; 0; 0; 0; 0; 0; 0; 0; 0; 0; 0; 0; 0; 0; 0; 0; 0; 0; 0; 0; 0; 0; 0; 0; 0; 0; 0; 0; 0; 0; 0; 0; 0; 0; 0; 0; 0; 0; 0; 0; 9; 9; 9; 9; 9; 9; 9; 9; 0; 0];
schedule_f_t_n(:,:,16) = [0; 0; 0; 0; 0; 0; 0; 0; 0; 0; 0; 0; 0; 0; 0; 0; 0; 0; 0; 0; 0; 0; 0; 0; 0; 0; 0; 0; 0; 0; 0; 0; 0; 0; 0; 0; 0; 0; 0; 0; 0; 0; 0; 0; 0; 0; 0; 0; 0; 0];

% cost function results
costTotal = 7266568;

% per run statistics
per_run_cost = [5918503, 7661437, 4955818, 8470236, 8786096, 6019442, 6880955, 5048449, 6901248, 7119054, 8278706, 6782227, 5693820, 6034985, 9240359, 5992011, 7122122, 8920155, 8494902, 7953202, 6262913, 5190455, 7248008, 8248597, 7846799, 8167825, 8030970, 8888391, 7152791, 7257223, 7139067, 8687343, 7498027, 7589033, 8843541, 8174992, 6886237, 6215525, 7153461, 7495271, 7321027, 8105395, 7161044, 7792160, 6009174, 9167840, 7352566, 8570748, 5715888, 7556062, 6180016, 6612214, 6057074, 5598115, 6361654, 7955329, 8100374, 6869580, 8892056, 5866364, 6481213, 8931701, 7374731, 7272856, 7908636, 6913267, 6859506, 7911453, 7183886, 7306491, 8811446, 7645102, 7572685, 5692743, 7330061, 7634039, 7646220, 6189653, 8820935, 8928649, 7207964, 7951229, 8445726, 6941546, 4976732, 7382466, 5538054, 7436949, 7357606, 6277773, 7367640, 8474498, 7306427, 6208180, 7681423, 6661922, 6570046, 7422512, 8677749, 7347798, 6977932, 8449418, 7070741, 6630324, 7224727, 7299894, 8776708, 7073088, 6651418, 8275284, 7266336, 8434730, 7104591, 7415367, 8173853, 7510885, 8478948, 5843025, 8424989, 5398183, 6827742, 7498972, 7495317, 7783694, 6386176, 8348074, 7125477, 8552789, 7764545, 8068687, 6420140, 8412863, 7774241, 7737028, 6970246, 5562835, 7583290, 8746855, 7800044, 5846240, 8886389, 5072811, 7432510, 6872994, 5931245, 8700898, 7066783, 6078454, 7943943, 6990727, 8229728, 6873681, 8197067, 6841443, 7094110, 8416549, 7062939, 8622778, 7572960, 6465423, 6294538, 7798733, 5783257, 7643451, 7399362, 7153672, 5570249, 5945026, 7955396, 7196794, 8478450, 4243787, 6355846, 7681690, 5301260, 6195863, 8541105, 8699827, 6255049, 6129539, 7151811, 7655321, 7484757, 6255210, 7197243, 8507776, 6162558, 6240084, 6605670, 8334140, 7401909, 7853348, 8694246, 6829009, 5563353, 6474406, 8554177, 7311448, 8019814, 5711084];
per_run_duration_us = [100593, 79469, 80736, 85258, 74832, 94681, 73000, 85028, 90811, 83425, 86172, 77204, 85819, 87712, 85007, 96716, 83378, 77038, 84465, 90809, 94092, 87799, 82298, 80759, 86103, 86888, 82248, 84740, 83340, 80040, 80556, 90127, 78277, 87841, 88971, 102427, 80642, 81584, 80037, 86401, 85943, 84473, 87391, 89987, 86617, 86677, 86237, 77494, 82138, 79149, 82548, 80442, 90808, 87798, 81542, 80668, 87969, 81514, 89730, 82309, 75915, 80905, 84603, 80442, 83930, 77617, 81485, 76363, 98183, 85533, 85646, 89630, 81712, 80562, 82473, 82946, 85625, 105627, 89262, 82189, 83626, 80307, 91392, 104403, 89766, 91009, 81395, 85717, 89231, 87821, 84235, 125017, 82975, 85946, 84408, 82530, 90574, 87139, 84508, 95340, 88308, 97319, 83823, 83841, 86206, 90193, 89888, 101590, 81103, 74113, 80588, 112174, 98997, 82739, 86083, 88786, 72217, 80438, 84927, 82900, 86484, 73538, 78465, 83507, 78586, 82537, 82433, 84723, 85266, 83254, 83402, 79916, 84129, 82924, 85624, 84824, 84058, 81665, 79956, 88980, 77356, 88153, 84104, 112925, 86821, 84546, 102268, 92293, 78644, 100209, 82245, 81555, 84073, 91807, 82649, 84254, 86350, 91669, 82413, 83604, 85044, 87576, 86859, 98222, 82427, 83922, 80464, 91199, 88154, 83090, 82119, 85131, 87070, 82732, 90746, 85914, 98125, 90509, 100170, 84880, 75301, 84224, 93447, 87687, 79651, 90507, 79835, 91168, 82268, 109081, 83233, 96873, 86543, 84270, 112279, 89874, 74584, 71485, 70722, 63225];

