
% 2015-10-17 01:19:56

% my_logs\longTest1\0_1_0\rep_3\random_log.m
scheduling_duration_us = 3376;

% schedule
schedule_f_t_n(:,:,1) = [6; 6; 6; 6; 6; 6; 6; 6; 6; 6; 6; 6; 6; 6; 6; 6; 6; 6; 6; 6; 6; 6; 6; 6; 6; 6; 6; 6; 6; 6; 6; 6; 6; 6; 6; 6; 6; 6; 6; 6; 0; 0; 0; 0; 0; 0; 0; 0; 0; 0];

% cost function results
costTotal = 859680;

