
% 2016-05-26 10:25:57

% my_logs\eval_4_4_3_c15\4_1_0\rep_14\Random_log.m
scheduling_duration_us = 75334;

% schedule
schedule_f_t_n(:,:,1) = [0; 0; 0; 0; 0; 0; 0; 0; 0; 0; 0; 0; 0; 0; 0; 0; 0; 0; 0; 0; 0; 0; 0; 0; 0; 0; 0; 0; 0; 0; 0; 0; 0; 0; 0; 0; 0; 0; 0; 0; 0; 0; 17; 0; 0; 0; 0; 0; 0; 0];
schedule_f_t_n(:,:,2) = [29; 29; 29; 29; 29; 29; 29; 29; 29; 29; 29; 29; 29; 29; 29; 29; 29; 29; 29; 29; 29; 23; 0; 0; 0; 0; 0; 0; 0; 0; 0; 0; 0; 0; 0; 0; 0; 0; 0; 0; 0; 0; 0; 0; 0; 0; 0; 0; 0; 0];
schedule_f_t_n(:,:,3) = [0; 0; 0; 0; 0; 0; 0; 0; 0; 0; 0; 0; 0; 0; 0; 0; 0; 0; 0; 0; 0; 0; 0; 0; 0; 0; 0; 0; 0; 0; 0; 0; 0; 0; 0; 0; 0; 0; 0; 0; 0; 0; 0; 0; 0; 0; 0; 0; 0; 0];
schedule_f_t_n(:,:,4) = [0; 0; 0; 0; 0; 0; 0; 0; 0; 0; 0; 0; 0; 0; 0; 0; 0; 0; 0; 0; 0; 0; 0; 0; 0; 0; 0; 0; 0; 0; 0; 0; 0; 0; 0; 0; 0; 0; 0; 0; 0; 0; 0; 0; 0; 0; 0; 0; 0; 0];
schedule_f_t_n(:,:,5) = [0; 0; 0; 0; 0; 0; 0; 0; 0; 0; 0; 0; 0; 0; 0; 0; 0; 0; 0; 0; 0; 0; 0; 0; 0; 0; 0; 0; 0; 0; 0; 0; 0; 0; 0; 0; 0; 0; 0; 0; 0; 0; 0; 29; 29; 0; 0; 0; 0; 0];
schedule_f_t_n(:,:,6) = [0; 0; 0; 0; 0; 0; 0; 0; 0; 0; 0; 0; 0; 0; 0; 0; 0; 0; 0; 0; 0; 6; 29; 29; 29; 29; 29; 29; 29; 29; 29; 29; 29; 0; 0; 0; 0; 0; 0; 0; 0; 0; 0; 0; 0; 0; 0; 0; 0; 0];
schedule_f_t_n(:,:,7) = [0; 0; 0; 0; 0; 0; 0; 0; 0; 0; 0; 0; 0; 0; 0; 0; 0; 0; 0; 0; 0; 0; 0; 0; 0; 0; 0; 0; 0; 0; 0; 0; 0; 0; 0; 0; 0; 0; 0; 0; 0; 0; 0; 0; 0; 0; 0; 0; 0; 0];
schedule_f_t_n(:,:,8) = [0; 0; 0; 0; 0; 0; 0; 0; 0; 0; 0; 0; 0; 0; 0; 0; 0; 0; 0; 0; 0; 0; 0; 0; 0; 0; 0; 0; 0; 0; 0; 0; 0; 0; 0; 0; 0; 0; 0; 0; 0; 0; 0; 0; 0; 0; 0; 0; 0; 0];
schedule_f_t_n(:,:,9) = [0; 0; 0; 0; 0; 0; 0; 0; 0; 0; 0; 0; 0; 0; 0; 0; 0; 0; 0; 0; 0; 0; 0; 0; 0; 0; 0; 0; 0; 0; 0; 0; 0; 32; 32; 32; 32; 32; 32; 32; 32; 32; 12; 0; 0; 0; 0; 0; 0; 0];
schedule_f_t_n(:,:,10) = [0; 0; 0; 0; 0; 0; 0; 0; 0; 0; 0; 0; 0; 0; 0; 0; 0; 0; 0; 0; 0; 0; 0; 0; 0; 0; 0; 0; 0; 0; 0; 0; 0; 0; 0; 0; 0; 0; 0; 0; 0; 0; 0; 0; 0; 0; 0; 0; 0; 0];
schedule_f_t_n(:,:,11) = [0; 0; 0; 0; 0; 0; 0; 0; 0; 0; 0; 0; 0; 0; 0; 0; 0; 0; 0; 0; 0; 0; 0; 0; 0; 0; 0; 0; 0; 0; 0; 0; 0; 0; 0; 0; 0; 0; 0; 0; 0; 0; 0; 0; 0; 0; 0; 0; 0; 0];
schedule_f_t_n(:,:,12) = [0; 0; 0; 0; 0; 0; 0; 0; 0; 0; 0; 0; 0; 0; 0; 0; 0; 0; 0; 0; 0; 0; 0; 0; 0; 0; 0; 0; 0; 0; 0; 0; 0; 0; 0; 0; 0; 0; 0; 0; 0; 0; 0; 0; 0; 0; 0; 0; 0; 0];
schedule_f_t_n(:,:,13) = [0; 0; 0; 0; 0; 0; 0; 0; 0; 0; 0; 0; 0; 0; 0; 0; 0; 0; 0; 0; 0; 0; 0; 0; 0; 0; 0; 0; 0; 0; 0; 0; 0; 0; 0; 0; 0; 0; 0; 0; 0; 0; 0; 0; 0; 0; 0; 0; 0; 0];
schedule_f_t_n(:,:,14) = [0; 0; 0; 0; 0; 0; 0; 0; 0; 0; 0; 0; 0; 0; 0; 0; 0; 0; 0; 0; 0; 0; 0; 0; 0; 0; 0; 0; 0; 0; 0; 0; 0; 0; 0; 0; 0; 0; 0; 0; 0; 0; 0; 0; 0; 0; 0; 0; 0; 0];
schedule_f_t_n(:,:,15) = [3; 3; 3; 3; 3; 3; 3; 3; 3; 3; 3; 3; 3; 3; 3; 3; 3; 3; 3; 3; 3; 3; 3; 3; 3; 3; 3; 3; 3; 3; 3; 3; 3; 0; 0; 0; 0; 0; 0; 0; 0; 0; 3; 3; 3; 0; 0; 0; 0; 0];
schedule_f_t_n(:,:,16) = [0; 0; 0; 0; 0; 0; 0; 0; 0; 0; 0; 0; 0; 0; 0; 0; 0; 0; 0; 0; 0; 0; 0; 0; 0; 0; 0; 0; 0; 0; 0; 0; 0; 0; 0; 0; 0; 0; 0; 0; 0; 0; 0; 0; 0; 0; 0; 0; 0; 0];

% cost function results
costTotal = 5215957;

% per run statistics
per_run_cost = [6085490, 5768010, 5780087, 6070951, 5063467, 6091854, 6141693, 5198653, 5671496, 4295049, 5898415, 5554173, 4668648, 4074429, 5667039, 5757246, 5558225, 4905334, 4482517, 5944220, 6104661, 4345521, 5918583, 5929953, 4839312, 4890489, 5390124, 5031508, 5328223, 2975628, 5952571, 3234711, 4618739, 4731912, 5797510, 5606818, 5422368, 4594509, 6020845, 4539093, 5888039, 3926403, 4140714, 4533864, 5914544, 4983091, 5406548, 4103757, 6046329, 5915255, 5971094, 5787203, 5858625, 5130948, 5315518, 4561185, 4374747, 5120869, 4872308, 5471511, 5182962, 4757198, 5281662, 4268311, 5061745, 5188468, 4539767, 5000607, 5901314, 5097582, 4094626, 5845241, 3981170, 5008736, 5217039, 6056067, 4934465, 5987025, 5190347, 5991562, 6092063, 5893520, 5889248, 3177439, 6011074, 4105412, 4258516, 5083854, 4989916, 3268809, 5976887, 5350793, 5353635, 5014606, 5950021, 5942759, 6059495, 5840200, 5231622, 5963390, 3263089, 4881904, 5931477, 3051085, 5811293, 4819981, 5110001, 4500826, 5192225, 3825820, 5051316, 5957387, 4621316, 5485893, 4853940, 5165935, 5855755, 5728717, 6133507, 5901069, 5672866, 5960673, 5373198, 4924781, 4982716, 5759043, 4395964, 5057676, 5917166, 5986416, 5973788, 6094304, 6047294, 4208809, 5196495, 5840964, 5054332, 4673319, 4201659, 6019569, 4745097, 5214803, 6106140, 5437681, 5158277, 4270991, 5351186, 3656919, 4226880, 5156896, 3918586, 5141419, 5758070, 3159520, 5356431, 3738023, 5956266, 5945286, 4558454, 5720551, 5252278, 5845251, 5545965, 5308095, 4905087, 5630294, 5347162, 5569320, 6029710, 5919518, 6083711, 5503344, 3935548, 4605247, 5945710, 5915502, 4324436, 6047976, 5725455, 4286818, 5822283, 5770633, 5150738, 6068570, 4880882, 3944969, 5997463, 5088726, 5959721, 5852550, 5943726, 4633685, 5733790, 5187394, 5014611, 4619546, 4225336, 5845243, 6090047, 5262416];
per_run_duration_us = [69282, 66496, 59787, 72017, 68439, 76573, 74015, 75112, 69435, 72852, 89256, 68744, 72009, 85793, 71677, 71499, 89281, 70794, 78524, 74795, 76130, 84120, 71723, 73346, 72287, 78134, 66010, 66276, 73485, 65752, 86814, 87456, 70603, 64477, 74313, 74175, 68761, 80092, 69569, 73205, 69202, 72918, 75459, 72094, 74430, 66733, 73505, 67220, 73659, 81253, 75712, 74468, 75882, 72200, 72488, 94057, 74987, 69292, 71907, 79977, 65658, 73652, 73349, 78981, 69581, 83942, 69518, 73025, 76389, 71853, 71239, 70647, 68182, 101421, 82355, 70733, 79604, 71487, 71111, 91624, 71442, 66063, 63023, 62914, 73968, 77278, 76019, 71625, 92905, 75546, 69943, 90396, 86542, 67992, 70414, 72768, 94076, 73991, 111023, 71666, 74262, 93524, 88068, 93469, 98331, 67632, 70555, 71288, 62257, 67964, 78742, 65210, 107227, 75356, 62141, 78698, 64219, 52883, 75586, 57749, 71969, 61813, 57725, 92975, 89732, 91287, 70071, 69418, 93477, 69464, 66257, 70304, 78658, 69242, 65604, 71249, 65053, 63329, 132764, 63346, 56825, 65574, 89375, 89003, 72721, 69534, 57945, 86343, 65526, 58325, 57902, 58215, 71710, 118996, 61661, 65580, 59623, 72754, 81522, 56380, 56538, 76121, 70022, 61192, 93255, 86249, 69592, 83478, 77299, 75725, 161970, 59815, 60888, 61238, 64734, 60440, 73666, 71267, 111605, 62343, 58788, 62621, 59970, 55315, 65654, 65434, 74494, 83827, 61829, 77566, 104029, 133710, 62287, 92575, 77706, 74184, 160136, 88584, 62723, 79120];

