% t_n_i
% time:
generate_model = 3229;
duration_to_solve_model_us = 127;
create_model = 19;
% allocatedChunks
allocatedChunks(:,:,1) = [5; 5; 5; 5; 5; 5; 5; 5; 5; 5; 5; 5; 5; 5; 5; 5; 5; 5; 5; 5; 5; 5; 5; 5; 5];
allocatedChunks(:,:,2) = [13; 13; 9; 0; 0; 0; 0; 0; 0; 0; 0; 0; 0; 0; 0; 0; 0; 0; 0; 0; 0; 0; 0; 0; 0];
allocatedChunks(:,:,3) = [0; 0; 0; 0; 0; 0; 0; 0; 0; 0; 0; 0; 0; 0; 0; 0; 0; 0; 0; 0; 0; 0; 0; 0; 0];
allocatedChunks(:,:,4) = [0; 0; 0; 0; 0; 0; 0; 0; 13; 13; 12; 13; 13; 13; 13; 13; 13; 13; 13; 13; 13; 13; 13; 13; 13];
allocatedChunks(:,:,5) = [0; 0; 4; 13; 0; 4; 0; 13; 0; 0; 1; 0; 0; 0; 0; 0; 0; 0; 0; 0; 0; 0; 0; 0; 0];
allocatedChunks(:,:,6) = [5; 5; 5; 5; 5; 5; 5; 5; 5; 5; 5; 5; 5; 5; 5; 5; 5; 5; 5; 5; 5; 5; 5; 5; 5];
allocatedChunks(:,:,7) = [0; 0; 0; 0; 13; 9; 13; 0; 0; 0; 0; 0; 0; 0; 0; 0; 0; 0; 0; 0; 0; 0; 0; 0; 0];
allocatedChunks(:,:,8) = [0; 0; 0; 0; 0; 0; 0; 0; 0; 0; 0; 0; 0; 0; 0; 0; 0; 0; 0; 0; 0; 0; 0; 0; 0];
% non_allocated
non_allocated = [35, 0, 12, 5, 0, 25, 0, 12];
% dl_vio
dl_vio = [0, 0, 0, 91, 0, 0, 0, 0];
% st_vio
st_vio = [0, 0, 0, 0, 0, 50750, 0, 0];
% vioThroughput
vioThroughput = [0, 0, 0, 0, 0, 0, 0, 0];
% non_allo_vio
non_allo_vio = [1960, 0, 96, 210, 0, 1400, 0, 96];
% nChunks
nChunks = [160, 35, 12, 225, 35, 150, 35, 12];
% prefStartTime
prefStartTime = [0, 3, 0, 9, 12, 15, 18, 0];
% deadline
deadline = [32, 4, 100000, 24, 13, 45, 19, 100000];
% availBW
availBW = [23, 23, 23, 23, 23, 23, 23, 23, 23, 23, 23, 23, 23, 23, 23, 23, 23, 23, 23, 23, 23, 23, 23, 23, 23];

