% t_n_i
% time:
generate_model = 4521;
duration_to_solve_model_us = 274;
create_model = 46;
% allocatedChunks
allocatedChunks(:,:,1) = [5, 0, 0, 0, 0, 0, 0, 0; 5, 0, 0, 0, 0, 0, 0, 0; 0, 0, 0, 5, 0, 0, 0, 0; 0, 0, 0, 5, 0, 0, 0, 0; 0, 0, 0, 5, 0, 0, 0, 0; 0, 0, 0, 5, 0, 0, 0, 0; 0, 0, 0, 5, 0, 0, 0, 0; 0, 0, 0, 5, 0, 0, 0, 0; 0, 0, 0, 5, 0, 0, 0, 0; 0, 5, 0, 0, 0, 0, 0, 0; 0, 0, 0, 0, 0, 5, 0, 0; 0, 0, 0, 0, 0, 5, 0, 0; 0, 0, 0, 0, 0, 0, 5, 0; 0, 0, 0, 0, 0, 0, 0, 5; 0, 0, 5, 0, 0, 0, 0, 0; 0, 0, 5, 0, 0, 0, 0, 0; 0, 0, 5, 0, 0, 0, 0, 0; 0, 0, 5, 0, 0, 0, 0, 0; 0, 0, 5, 0, 0, 0, 0, 0; 0, 0, 5, 0, 0, 0, 0, 0; 0, 0, 5, 0, 0, 0, 0, 0; 0, 0, 5, 0, 0, 0, 0, 0; 5, 0, 0, 0, 0, 0, 0, 0; 5, 0, 0, 0, 0, 0, 0, 0; 5, 0, 0, 0, 0, 0, 0, 0];
% non_allocated
non_allocated = [110];
% dl_vio
dl_vio = [0];
% st_vio
st_vio = [0];
% vioThroughput
vioThroughput = [0];
% non_allo_vio
non_allo_vio = [6160];
% nChunks
nChunks = [235];
% prefStartTime
prefStartTime = [0];
% deadline
deadline = [47];
% availBW
availBW = [25, 25, 25, 25, 25, 25, 25, 25, 25, 25, 25, 25, 25, 25, 25, 25, 25, 25, 25, 25, 25, 25, 25, 25, 25; 0, 0, 0, 0, 0, 0, 0, 23, 46, 69, 69, 69, 69, 69, 69, 46, 23, 0, 0, 0, 0, 0, 0, 0, 0; 0, 0, 0, 0, 0, 0, 0, 0, 0, 0, 0, 0, 24, 48, 72, 72, 72, 72, 72, 72, 48, 24, 0, 0, 0; 0, 0, 17, 34, 52, 52, 52, 52, 52, 52, 34, 17, 0, 0, 0, 0, 0, 0, 0, 0, 0, 0, 0, 0, 0; 0, 0, 0, 0, 0, 0, 0, 0, 0, 0, 0, 0, 0, 0, 24, 49, 49, 49, 49, 49, 24, 0, 0, 0, 0; 0, 0, 0, 0, 21, 43, 65, 65, 65, 65, 65, 65, 43, 21, 0, 0, 0, 0, 0, 0, 0, 0, 0, 0, 0; 0, 0, 0, 0, 0, 0, 0, 24, 48, 72, 72, 72, 72, 72, 72, 48, 24, 0, 0, 0, 0, 0, 0, 0, 0; 0, 0, 0, 0, 0, 20, 40, 61, 61, 61, 61, 61, 61, 61, 40, 20, 0, 0, 0, 0, 0, 0, 0, 0, 0];

