
% 2016-05-25 16:31:44

% my_logs\eval_4_4_3_c15\4_1_0\rep_4\Random_log.m
scheduling_duration_us = 80439;

% schedule
schedule_f_t_n(:,:,1) = [0; 0; 0; 0; 0; 0; 0; 0; 0; 0; 0; 0; 0; 0; 0; 0; 0; 0; 0; 0; 0; 0; 0; 0; 0; 0; 0; 0; 0; 0; 0; 0; 0; 0; 0; 0; 0; 0; 0; 0; 0; 0; 0; 0; 0; 0; 0; 0; 0; 0];
schedule_f_t_n(:,:,2) = [0; 0; 0; 0; 0; 0; 0; 0; 0; 0; 0; 0; 0; 0; 0; 0; 0; 0; 0; 0; 0; 12; 0; 0; 12; 12; 12; 0; 0; 0; 0; 35; 35; 35; 35; 35; 46; 46; 46; 0; 0; 0; 0; 0; 57; 57; 57; 57; 57; 0];
schedule_f_t_n(:,:,3) = [0; 0; 0; 0; 0; 0; 0; 0; 0; 0; 0; 0; 0; 0; 0; 0; 0; 0; 0; 0; 23; 23; 0; 0; 23; 23; 23; 0; 0; 0; 0; 0; 0; 0; 0; 0; 0; 0; 0; 0; 0; 0; 0; 0; 0; 0; 0; 0; 0; 0];
schedule_f_t_n(:,:,4) = [0; 0; 0; 0; 0; 0; 0; 0; 0; 0; 0; 0; 0; 0; 0; 0; 0; 0; 0; 0; 0; 0; 0; 0; 0; 0; 0; 0; 0; 0; 0; 0; 0; 0; 0; 0; 0; 0; 0; 0; 0; 0; 0; 0; 0; 0; 0; 0; 0; 0];
schedule_f_t_n(:,:,5) = [0; 0; 0; 0; 0; 0; 0; 0; 0; 0; 0; 0; 0; 0; 0; 0; 0; 0; 0; 0; 19; 0; 0; 0; 0; 0; 0; 0; 0; 0; 0; 0; 0; 0; 0; 0; 0; 0; 0; 0; 0; 0; 0; 0; 0; 0; 0; 0; 0; 0];
schedule_f_t_n(:,:,6) = [0; 0; 0; 0; 0; 0; 0; 0; 0; 0; 0; 0; 0; 0; 0; 0; 0; 0; 0; 0; 0; 0; 0; 0; 0; 0; 0; 0; 0; 0; 0; 0; 0; 0; 0; 0; 0; 0; 0; 0; 0; 0; 0; 0; 0; 0; 0; 0; 0; 0];
schedule_f_t_n(:,:,7) = [0; 0; 0; 0; 0; 0; 0; 0; 0; 0; 0; 0; 0; 0; 0; 0; 0; 0; 0; 0; 11; 11; 0; 0; 11; 11; 11; 11; 11; 11; 11; 11; 11; 11; 11; 11; 0; 0; 0; 0; 0; 0; 0; 0; 0; 0; 0; 0; 0; 0];
schedule_f_t_n(:,:,8) = [0; 0; 0; 0; 0; 0; 0; 0; 0; 0; 0; 0; 0; 0; 0; 0; 0; 0; 0; 0; 0; 0; 0; 0; 0; 0; 0; 0; 0; 0; 0; 0; 0; 0; 0; 0; 0; 0; 0; 46; 46; 46; 57; 57; 0; 0; 0; 0; 0; 0];
schedule_f_t_n(:,:,9) = [0; 0; 0; 0; 0; 0; 0; 0; 0; 0; 0; 0; 0; 0; 0; 0; 0; 0; 0; 0; 0; 0; 0; 0; 0; 0; 0; 0; 0; 0; 0; 0; 0; 0; 0; 0; 0; 0; 0; 0; 0; 0; 0; 0; 0; 0; 0; 0; 0; 0];
schedule_f_t_n(:,:,10) = [57; 57; 57; 57; 57; 57; 57; 57; 57; 57; 57; 57; 57; 57; 57; 52; 0; 0; 0; 0; 0; 0; 0; 0; 0; 0; 0; 0; 0; 0; 0; 0; 0; 0; 0; 0; 0; 0; 0; 0; 0; 0; 0; 0; 0; 0; 0; 0; 0; 0];
schedule_f_t_n(:,:,11) = [0; 0; 0; 0; 0; 0; 0; 0; 0; 0; 0; 0; 0; 0; 0; 0; 0; 0; 0; 0; 0; 11; 11; 11; 11; 11; 11; 11; 11; 11; 11; 11; 11; 11; 11; 11; 11; 11; 11; 11; 11; 11; 0; 0; 0; 0; 0; 0; 0; 0];
schedule_f_t_n(:,:,12) = [0; 0; 0; 0; 0; 0; 0; 0; 0; 0; 0; 0; 0; 0; 0; 0; 0; 0; 0; 0; 0; 0; 46; 46; 0; 0; 0; 0; 0; 0; 0; 0; 0; 0; 0; 0; 0; 0; 0; 0; 0; 0; 0; 0; 0; 0; 0; 0; 0; 0];
schedule_f_t_n(:,:,13) = [0; 0; 0; 0; 0; 0; 0; 0; 0; 0; 0; 0; 0; 0; 0; 5; 57; 57; 57; 57; 4; 0; 0; 0; 0; 0; 0; 0; 0; 0; 0; 0; 0; 0; 0; 0; 0; 0; 0; 0; 0; 0; 0; 0; 0; 0; 0; 0; 0; 0];
schedule_f_t_n(:,:,14) = [0; 0; 0; 0; 0; 0; 0; 0; 0; 0; 0; 0; 0; 0; 0; 0; 0; 0; 0; 0; 0; 0; 0; 0; 0; 0; 0; 0; 0; 0; 0; 0; 0; 0; 0; 0; 0; 0; 0; 0; 0; 0; 0; 0; 0; 0; 0; 0; 0; 0];
schedule_f_t_n(:,:,15) = [0; 0; 0; 0; 0; 0; 0; 0; 0; 0; 0; 0; 0; 0; 0; 0; 0; 0; 0; 0; 0; 0; 0; 0; 0; 0; 0; 0; 0; 0; 0; 0; 0; 0; 0; 0; 0; 0; 0; 0; 0; 0; 0; 0; 0; 0; 0; 0; 0; 0];
schedule_f_t_n(:,:,16) = [0; 0; 0; 0; 0; 0; 0; 0; 0; 0; 0; 0; 0; 0; 0; 0; 0; 0; 0; 0; 0; 0; 0; 0; 0; 0; 0; 35; 35; 35; 35; 0; 0; 0; 0; 0; 0; 0; 0; 0; 0; 0; 0; 0; 0; 0; 0; 0; 0; 0];

% cost function results
costTotal = 6595675;

% per run statistics
per_run_cost = [5738274, 5942385, 7455485, 6448926, 6592587, 5831456, 7005716, 7495547, 6982101, 5141817, 6428179, 6406598, 5878588, 6127520, 6442586, 4664038, 6035349, 6677036, 5568942, 6969042, 5962239, 6763440, 6677736, 7160444, 6596569, 6052049, 7480352, 7051056, 6692834, 7170852, 6657643, 6979078, 6700931, 5589671, 5530134, 7838017, 5574696, 5923381, 5987401, 5703493, 7038434, 6801506, 7752685, 6908224, 7091344, 6698099, 6527996, 7561295, 5677693, 6162664, 6797782, 6897519, 7309249, 6055311, 5056881, 6526999, 6418684, 6938574, 7738685, 7110560, 7742254, 6235301, 6262734, 7121784, 6178183, 6534602, 7514240, 6591112, 5419732, 6552268, 6230157, 7447953, 7149407, 6925079, 6785430, 5833496, 7121909, 7388987, 7243152, 6105247, 5162946, 7281302, 5188797, 6877490, 6742118, 7229476, 6160173, 6584296, 5468287, 7282940, 6140829, 7254087, 7640224, 7188917, 7197440, 7352579, 6780734, 7589496, 6244443, 5056320, 5298379, 7146029, 5464203, 6786974, 6253973, 6619628, 6175695, 6683360, 5467000, 6099933, 7113867, 6335189, 7517943, 6036862, 6885030, 4894711, 7484582, 7503076, 5854175, 6276630, 5896424, 7669484, 7171352, 6909471, 5910927, 6731225, 7210448, 6025050, 6710123, 6499179, 6657030, 7141872, 7617491, 6618221, 5971531, 7529104, 7049545, 7304105, 6881134, 6335609, 6770272, 7475156, 6838565, 7445426, 6924660, 5863271, 6749884, 5110147, 6519716, 6606059, 6761634, 6680466, 6480403, 6187661, 6554207, 7637505, 6746157, 5475931, 7321681, 5973350, 7675532, 6575655, 6442463, 6547518, 7499842, 7298480, 7526109, 6574082, 6783066, 7425596, 6326796, 6885667, 6654771, 7366438, 5411566, 5620870, 5603637, 6353329, 6117783, 6860430, 7709497, 5457912, 5921139, 7956142, 7055551, 6927841, 5457995, 5796057, 5850700, 6233492, 7131443, 6459693, 6944647, 6406430, 7639283, 7031468, 6569401, 6699063, 6956947, 5721737];
per_run_duration_us = [70165, 71719, 74049, 68863, 68526, 73878, 95968, 86553, 75888, 72249, 80589, 80559, 74472, 81796, 79545, 81739, 81736, 79959, 79486, 78672, 128680, 89897, 75929, 76118, 76358, 86246, 74550, 77264, 79479, 72500, 81874, 86068, 79298, 81488, 96088, 80101, 76379, 77421, 75913, 74848, 84444, 74690, 90599, 79536, 68288, 71096, 89286, 75084, 80944, 92652, 77395, 76224, 78857, 78806, 84626, 78741, 84871, 81155, 83670, 73617, 80708, 80648, 77571, 80658, 71610, 77349, 79032, 79400, 91419, 83513, 80032, 76908, 84421, 69028, 76932, 75983, 75184, 80155, 88727, 80817, 79324, 97116, 78145, 74027, 84185, 80333, 98045, 78752, 91626, 80260, 74189, 82099, 78380, 95971, 76369, 76637, 78337, 78248, 78151, 78496, 84465, 77723, 84479, 80859, 79478, 74873, 79511, 76311, 87543, 82725, 81706, 78145, 104164, 77262, 80939, 81728, 78411, 76592, 79992, 74985, 77692, 84639, 76671, 66966, 71320, 83808, 76863, 74282, 76234, 86423, 77432, 80954, 78271, 74257, 93555, 68546, 78748, 81729, 75986, 77149, 87035, 91878, 77794, 79991, 81095, 78525, 83471, 78083, 82561, 77004, 80979, 93341, 86639, 97127, 77000, 78652, 73480, 82529, 75549, 77168, 73755, 76085, 89631, 78077, 77399, 78709, 77144, 71954, 87932, 84679, 81615, 120890, 78543, 80013, 82322, 83926, 79622, 84706, 81042, 107868, 106608, 70917, 83617, 78702, 76794, 80249, 82553, 90707, 76038, 87820, 78834, 67943, 67607, 72351, 68060, 71333, 64322, 84838, 71783, 71190];

