
% 2015-10-17 01:03:54

% my_logs\longTest1\2_0_0\rep_29\optimization_log.m
scheduling_duration_us = 138653;

% schedule
schedule_f_t_n(:,:,1) = [5; 5; 5; 5; 5; 5; 5; 5; 5; 5; 5; 5; 5; 5; 5; 5; 5; 5; 5; 5; 5; 5; 5; 5; 0];
schedule_f_t_n(:,:,2) = [0; 0; 0; 0; 25; 0; 0; 0; 0; 0; 0; 0; 0; 0; 0; 0; 0; 0; 0; 0; 0; 0; 0; 0; 0];
schedule_f_t_n(:,:,3) = [0; 0; 0; 0; 0; 0; 0; 0; 0; 0; 0; 0; 0; 0; 0; 0; 0; 0; 0; 0; 0; 0; 0; 0; 0];
schedule_f_t_n(:,:,4) = [0; 0; 0; 0; 0; 0; 0; 0; 0; 0; 0; 0; 0; 0; 32; 32; 32; 32; 32; 32; 32; 32; 32; 32; 37];

% cost function results
vioSt = [0, 0, 0, 1792];
vioDl = [0, 0, 0, 296];
vioNon = [1728, 0, 120, 6200];
vioTpMin = [0, 0, 0, 0, 0, 0, 0, 0, 0, 0, 0, 0, 0, 0, 0, 0, 0, 0, 0, 0, 0, 0, 0, 0, 0; 0, 0, 0, 0, 0, 0, 0, 0, 0, 0, 0, 0, 0, 0, 0, 0, 0, 0, 0, 0, 0, 0, 0, 0, 0; 0, 0, 0, 0, 0, 0, 0, 0, 0, 0, 0, 0, 0, 0, 0, 0, 0, 0, 0, 0, 0, 0, 0, 0, 0; 0, 0, 0, 0, 0, 0, 0, 0, 0, 0, 0, 0, 0, 0, 0, 0, 0, 0, 0, 0, 0, 0, 0, 0, 0];
vioTp = [0, 0, 0, 0];
vioLcy = [7560, 0, 0, 0];
vioJit = [3360, 0, 0, 0];
cost_vio = 180256;
cost_switches = 0;
cost_ch = 5522;
costTotal = 185778;

% optimization
% 
% ############### Network 0 ##############
% F0	|[0]5	|5	|5	|5	|5	|5	|5	|5	|5	|5	|[10]5	|5	|5	|5	|5	|5	|5	|5	|5	|5	|[20]5	|5	|5	|5	|	|
% F1	|[0]	|	|	|	|25	|	|	|	|	|	|[10]	|	|	|	|	|	|	|	|	|	|[20]	|	|	|	|	|
% F3	|[0]	|	|	|	|	|	|	|	|	|	|[10]	|	|	|	|32	|32	|32	|32	|32	|32	|[20]32	|32	|32	|32	|37	|

