% t_n_i
% time:
generate_model = 4328;
duration_to_solve_model_us = 223;
create_model = 30;
% allocatedChunks
allocatedChunks(:,:,1) = [5, 0, 0, 0, 0, 0, 0, 0; 5, 0, 0, 0, 0, 0, 0, 0; 5, 0, 0, 0, 0, 0, 0, 0; 0, 0, 0, 0, 0, 0, 5, 0; 0, 0, 0, 0, 0, 5, 0, 0; 0, 0, 0, 0, 0, 5, 0, 0; 0, 0, 0, 0, 0, 5, 0, 0; 0, 0, 0, 0, 0, 5, 0, 0; 0, 0, 0, 0, 0, 5, 0, 0; 0, 0, 0, 0, 0, 5, 0, 0; 0, 0, 0, 0, 0, 5, 0, 0; 0, 0, 0, 0, 0, 5, 0, 0; 0, 0, 0, 0, 0, 5, 0, 0; 0, 0, 5, 0, 0, 0, 0, 0; 0, 0, 5, 0, 0, 0, 0, 0; 0, 0, 5, 0, 0, 0, 0, 0; 0, 0, 5, 0, 0, 0, 0, 0; 0, 0, 5, 0, 0, 0, 0, 0; 0, 5, 0, 0, 0, 0, 0, 0; 0, 5, 0, 0, 0, 0, 0, 0; 0, 0, 0, 5, 0, 0, 0, 0; 0, 0, 0, 5, 0, 0, 0, 0; 5, 0, 0, 0, 0, 0, 0, 0; 5, 0, 0, 0, 0, 0, 0, 0; 5, 0, 0, 0, 0, 0, 0, 0];
% non_allocated
non_allocated = [45];
% dl_vio
dl_vio = [0];
% st_vio
st_vio = [0];
% vioThroughput
vioThroughput = [0];
% non_allo_vio
non_allo_vio = [2520];
% nChunks
nChunks = [170];
% prefStartTime
prefStartTime = [0];
% deadline
deadline = [34];
% availBW
availBW = [37, 37, 37, 37, 37, 37, 37, 37, 37, 37, 37, 37, 37, 37, 37, 37, 37, 37, 37, 37, 37, 37, 37, 37, 37; 0, 0, 0, 0, 0, 0, 0, 0, 0, 0, 0, 0, 0, 0, 33, 67, 67, 67, 67, 67, 33, 0, 0, 0, 0; 0, 0, 0, 0, 0, 0, 0, 21, 43, 65, 65, 65, 65, 65, 65, 65, 43, 21, 0, 0, 0, 0, 0, 0, 0; 0, 0, 0, 0, 0, 0, 0, 0, 0, 0, 0, 0, 11, 22, 34, 34, 34, 34, 34, 34, 22, 11, 0, 0, 0; 0, 0, 0, 0, 0, 0, 14, 28, 43, 43, 43, 43, 43, 43, 43, 28, 14, 0, 0, 0, 0, 0, 0, 0, 0; 0, 0, 0, 15, 31, 47, 47, 47, 47, 47, 47, 31, 15, 0, 0, 0, 0, 0, 0, 0, 0, 0, 0, 0, 0; 0, 0, 0, 23, 46, 70, 70, 70, 70, 70, 70, 70, 46, 23, 0, 0, 0, 0, 0, 0, 0, 0, 0, 0, 0; 0, 0, 0, 0, 0, 15, 30, 30, 30, 30, 30, 15, 0, 0, 0, 0, 0, 0, 0, 0, 0, 0, 0, 0, 0];

