
% 2016-05-26 10:26:01

% my_logs\eval_4_4_3_c15\4_1_0\rep_16\Random_log.m
scheduling_duration_us = 86091;

% schedule
schedule_f_t_n(:,:,1) = [0; 0; 0; 0; 0; 0; 0; 0; 0; 0; 0; 0; 0; 0; 0; 0; 0; 0; 0; 0; 0; 0; 0; 0; 0; 0; 0; 0; 0; 0; 0; 0; 0; 0; 0; 0; 0; 0; 0; 0; 0; 0; 0; 0; 0; 0; 0; 0; 0; 0];
schedule_f_t_n(:,:,2) = [0; 0; 0; 0; 0; 0; 0; 0; 0; 0; 0; 0; 0; 0; 0; 0; 0; 0; 0; 0; 0; 0; 0; 0; 0; 0; 0; 0; 0; 0; 0; 0; 0; 0; 0; 0; 0; 0; 0; 0; 0; 0; 0; 0; 0; 0; 0; 0; 0; 0];
schedule_f_t_n(:,:,3) = [0; 0; 0; 0; 0; 0; 0; 0; 0; 0; 0; 0; 0; 0; 0; 0; 0; 0; 0; 0; 0; 0; 0; 0; 0; 0; 0; 0; 0; 0; 0; 0; 0; 0; 0; 0; 0; 0; 0; 0; 0; 0; 0; 0; 0; 0; 0; 0; 0; 0];
schedule_f_t_n(:,:,4) = [0; 0; 0; 0; 0; 0; 0; 0; 0; 0; 0; 0; 0; 0; 0; 0; 0; 0; 0; 0; 0; 0; 0; 0; 0; 0; 0; 0; 0; 0; 0; 0; 0; 0; 0; 0; 0; 0; 0; 0; 0; 0; 0; 0; 0; 0; 0; 0; 0; 0];
schedule_f_t_n(:,:,5) = [0; 0; 0; 0; 0; 0; 0; 0; 0; 0; 0; 0; 0; 0; 0; 0; 0; 0; 0; 0; 0; 0; 0; 0; 8; 42; 42; 42; 42; 42; 42; 42; 42; 42; 1; 0; 0; 0; 0; 0; 0; 0; 0; 0; 0; 0; 0; 0; 0; 0];
schedule_f_t_n(:,:,6) = [0; 0; 0; 0; 0; 0; 0; 0; 0; 0; 0; 0; 0; 0; 0; 0; 0; 0; 0; 0; 0; 0; 0; 0; 0; 0; 0; 0; 0; 0; 0; 0; 0; 0; 0; 0; 0; 0; 0; 0; 0; 0; 42; 42; 42; 0; 0; 0; 0; 0];
schedule_f_t_n(:,:,7) = [0; 0; 0; 0; 0; 0; 0; 0; 0; 0; 0; 0; 0; 0; 0; 0; 0; 0; 0; 0; 0; 0; 0; 0; 0; 0; 0; 0; 0; 0; 0; 0; 0; 0; 0; 0; 0; 0; 0; 0; 0; 0; 0; 0; 0; 0; 0; 0; 0; 0];
schedule_f_t_n(:,:,8) = [0; 0; 0; 0; 0; 0; 0; 0; 0; 0; 0; 0; 0; 0; 0; 0; 0; 0; 0; 0; 0; 0; 0; 0; 0; 0; 0; 0; 0; 0; 0; 0; 0; 0; 0; 0; 0; 0; 0; 0; 0; 0; 0; 0; 0; 0; 0; 0; 0; 0];
schedule_f_t_n(:,:,9) = [0; 0; 0; 0; 0; 0; 0; 0; 0; 0; 0; 0; 0; 0; 0; 0; 0; 0; 0; 0; 0; 0; 0; 0; 0; 0; 0; 0; 0; 0; 0; 0; 0; 0; 0; 0; 0; 0; 0; 0; 0; 0; 0; 0; 0; 0; 0; 0; 0; 0];
schedule_f_t_n(:,:,10) = [0; 0; 0; 0; 0; 0; 0; 0; 0; 0; 0; 0; 0; 0; 0; 0; 0; 0; 0; 0; 0; 0; 0; 0; 0; 0; 0; 0; 0; 0; 0; 0; 0; 0; 0; 0; 0; 0; 0; 0; 16; 42; 0; 0; 0; 0; 0; 0; 0; 0];
schedule_f_t_n(:,:,11) = [0; 0; 0; 0; 0; 0; 0; 0; 0; 0; 0; 0; 0; 0; 0; 0; 0; 0; 0; 0; 0; 0; 0; 0; 0; 0; 0; 0; 0; 0; 0; 0; 0; 0; 0; 0; 0; 0; 0; 0; 0; 0; 0; 0; 0; 0; 0; 0; 0; 0];
schedule_f_t_n(:,:,12) = [0; 0; 0; 0; 0; 0; 0; 0; 0; 0; 0; 0; 0; 0; 0; 0; 0; 0; 0; 0; 0; 0; 0; 0; 0; 0; 0; 0; 0; 0; 0; 0; 0; 0; 0; 0; 0; 0; 0; 0; 0; 0; 0; 0; 0; 0; 0; 0; 0; 0];
schedule_f_t_n(:,:,13) = [0; 0; 0; 0; 0; 0; 0; 0; 0; 0; 0; 0; 0; 0; 0; 42; 42; 42; 42; 42; 42; 42; 42; 42; 34; 0; 0; 0; 0; 0; 0; 0; 0; 0; 0; 0; 0; 0; 0; 0; 0; 0; 0; 0; 0; 0; 0; 0; 0; 0];
schedule_f_t_n(:,:,14) = [42; 42; 42; 42; 42; 42; 42; 42; 42; 42; 42; 42; 42; 42; 42; 0; 0; 0; 0; 0; 0; 0; 0; 0; 0; 0; 0; 0; 0; 0; 0; 0; 0; 0; 41; 42; 42; 42; 42; 42; 26; 0; 0; 0; 0; 0; 0; 0; 0; 0];
schedule_f_t_n(:,:,15) = [0; 0; 0; 0; 0; 0; 0; 0; 0; 0; 0; 0; 0; 0; 0; 0; 0; 0; 0; 0; 0; 0; 0; 0; 0; 0; 0; 0; 0; 0; 0; 0; 0; 0; 0; 0; 0; 0; 0; 0; 0; 0; 0; 0; 0; 0; 0; 0; 0; 0];
schedule_f_t_n(:,:,16) = [0; 0; 0; 0; 0; 0; 0; 0; 0; 0; 0; 0; 0; 0; 0; 0; 0; 0; 0; 0; 0; 0; 0; 0; 0; 0; 0; 0; 0; 0; 0; 0; 0; 0; 0; 0; 0; 0; 0; 0; 0; 0; 0; 0; 0; 0; 0; 0; 0; 0];

% cost function results
costTotal = 8508264;

% per run statistics
per_run_cost = [9234956, 8690763, 7463565, 9019340, 8357875, 9083819, 8107556, 7889955, 7954820, 9115937, 9205529, 8940956, 8026460, 8929791, 9425136, 9122653, 7901286, 8784772, 8081852, 7985054, 8993810, 9246077, 9345381, 9449688, 8552692, 7253460, 9308058, 9159378, 9449512, 9160140, 8159389, 8783228, 9108260, 8287212, 8671674, 8358240, 7631240, 9539885, 8665153, 6467551, 8681948, 7584212, 8412537, 5511285, 9532418, 8647609, 9253358, 8401714, 9457608, 9010203, 8039982, 9220403, 7167611, 9183984, 9443166, 9205529, 9436598, 8827958, 8228642, 7352984, 8482555, 9285091, 9283191, 9262611, 6590847, 9178745, 8333144, 9192942, 6736696, 9074410, 9347099, 9539885, 8399849, 8077679, 8265698, 8051380, 7331448, 8181364, 7701252, 9173718, 8103941, 9385331, 6803912, 8966494, 8654528, 9284063, 9452978, 7722212, 8785740, 9085753, 8143162, 9360450, 8886767, 9247264, 8061314, 9339778, 8755162, 9281960, 7403515, 7863686, 9513923, 7237698, 7054386, 8073434, 8050889, 7109757, 8051612, 7931956, 8459057, 7682855, 8435560, 6475491, 8164706, 8745988, 8961362, 9048074, 9127346, 9285091, 7944184, 9018149, 9239715, 7107688, 8456569, 7271098, 9037006, 7292370, 8339913, 8730365, 8780461, 9293208, 8367166, 9249538, 7942085, 6580394, 8461676, 8423931, 7670361, 7283514, 9551222, 9111869, 8487155, 8373506, 9460762, 8864440, 9150426, 8867222, 9275641, 6259772, 8959802, 9195748, 7964801, 9137864, 7610209, 8455602, 8944755, 8716446, 8173176, 9233951, 8611427, 8707250, 6996664, 9432710, 8757893, 8218019, 7246792, 9003661, 8916298, 8096813, 7964125, 8690599, 8687920, 9022433, 9247210, 6929153, 9438408, 7615195, 8573494, 9221979, 7966927, 8533571, 9008078, 7581271, 8695365, 8904829, 9460250, 8800319, 8663784, 7250054, 8129556, 8646142, 9406664, 9351279, 9561302, 9560924, 8991959, 7887001, 8083010, 8408936, 7890858, 8210348];
per_run_duration_us = [101965, 85736, 62315, 68163, 74283, 84817, 82303, 133831, 230932, 214311, 99497, 101990, 184083, 137956, 87617, 99143, 130002, 165984, 155222, 80128, 122090, 86531, 128335, 90584, 100229, 84157, 80439, 65498, 75911, 79935, 85992, 65141, 89113, 89942, 86166, 84453, 83702, 94562, 76786, 76656, 72365, 143719, 67019, 110046, 63779, 67163, 63502, 59499, 65307, 62978, 61990, 64998, 73517, 74735, 84293, 68550, 99867, 59063, 127380, 72412, 67213, 75679, 82153, 63924, 84718, 85042, 113613, 136913, 86154, 63130, 77904, 67760, 86657, 85539, 66238, 66464, 69773, 82094, 67934, 83448, 64023, 65061, 67379, 78505, 70412, 63139, 63685, 64370, 77017, 55490, 63350, 62117, 101748, 65716, 65891, 64418, 77809, 69411, 65150, 61884, 89387, 81203, 72003, 74051, 96765, 81775, 77723, 74469, 108334, 80456, 78893, 91953, 85161, 85236, 89562, 79149, 93992, 83876, 75366, 81540, 87411, 92164, 74051, 81395, 78542, 98307, 87139, 94595, 79081, 77614, 88185, 92523, 81960, 74642, 86459, 79302, 85606, 89890, 107208, 88256, 75491, 90344, 70643, 78273, 87134, 74886, 88095, 106778, 90270, 99328, 104777, 77242, 85488, 77359, 80339, 77901, 74230, 70079, 76586, 78338, 90781, 83622, 80528, 73197, 102874, 88533, 68187, 77121, 88166, 80002, 80490, 82670, 80633, 98231, 103930, 89742, 94157, 80447, 138863, 79837, 89629, 106093, 132765, 92036, 112722, 116138, 79784, 72498, 68759, 72379, 71775, 88801, 83037, 71630, 64896, 73620, 78951, 77414, 87396, 79545];

