% t_n_i
% time:
generate_model = 1439;
duration_to_solve_model_us = 155;
create_model = 16;
% allocatedChunks
allocatedChunks(:,:,1) = [5, 0, 0, 0; 5, 0, 0, 0; 0, 5, 0, 0; 0, 5, 0, 0; 0, 5, 0, 0; 0, 5, 0, 0; 0, 0, 5, 0; 0, 0, 5, 0; 0, 0, 5, 0; 0, 0, 5, 0; 0, 0, 5, 0; 0, 0, 5, 0; 5, 0, 0, 0; 5, 0, 0, 0; 0, 0, 0, 5; 0, 0, 0, 5; 0, 0, 0, 5; 0, 0, 0, 5; 0, 0, 0, 5; 0, 0, 0, 5; 0, 0, 0, 5; 5, 0, 0, 0; 5, 0, 0, 0; 5, 0, 0, 0; 5, 0, 0, 0];
% non_allocated
non_allocated = [75];
% dl_vio
dl_vio = [0];
% st_vio
st_vio = [0];
% vioThroughput
vioThroughput = [0];
% non_allo_vio
non_allo_vio = [4200];
% nChunks
nChunks = [200];
% prefStartTime
prefStartTime = [0];
% deadline
deadline = [40];
% availBW
availBW = [20, 20, 20, 20, 20, 20, 20, 20, 20, 20, 20, 20, 20, 20, 20, 20, 20, 20, 20, 20, 20, 20, 20, 20, 20; 0, 0, 34, 69, 69, 69, 69, 69, 34, 0, 0, 0, 0, 0, 0, 0, 0, 0, 0, 0, 0, 0, 0, 0, 0; 0, 0, 0, 0, 0, 22, 45, 45, 45, 45, 45, 22, 0, 0, 0, 0, 0, 0, 0, 0, 0, 0, 0, 0, 0; 0, 0, 0, 0, 0, 0, 0, 0, 0, 0, 0, 0, 0, 0, 25, 50, 50, 50, 50, 50, 25, 0, 0, 0, 0];

