% t_n_i
% time:
generate_model = 8651;
duration_to_solve_model_us = 387;
create_model = 46;
% allocatedChunks
allocatedChunks(:,:,1) = [5; 5; 5; 5; 5; 5; 5; 5; 5; 5; 5; 5; 5; 5; 5; 5; 5; 5; 5; 5; 5; 5; 5; 5; 5];
allocatedChunks(:,:,2) = [13; 13; 3; 0; 0; 0; 0; 0; 0; 0; 0; 0; 0; 0; 0; 0; 0; 0; 0; 0; 0; 0; 0; 0; 0];
allocatedChunks(:,:,3) = [0; 0; 0; 0; 0; 0; 0; 0; 0; 0; 0; 0; 0; 0; 0; 0; 0; 0; 0; 0; 12; 0; 0; 0; 0];
allocatedChunks(:,:,4) = [0; 0; 0; 0; 0; 0; 0; 0; 0; 0; 0; 0; 0; 0; 0; 0; 0; 0; 0; 0; 0; 0; 0; 0; 0];
allocatedChunks(:,:,5) = [0; 0; 10; 12; 13; 0; 0; 0; 0; 0; 0; 0; 0; 0; 0; 0; 0; 0; 0; 0; 0; 0; 0; 0; 0];
allocatedChunks(:,:,6) = [5; 5; 5; 5; 5; 5; 5; 5; 5; 5; 5; 5; 5; 5; 5; 5; 5; 5; 5; 5; 5; 5; 5; 5; 5];
allocatedChunks(:,:,7) = [0; 0; 0; 1; 0; 13; 13; 8; 0; 0; 0; 0; 0; 0; 0; 0; 0; 0; 0; 0; 0; 0; 0; 0; 0];
allocatedChunks(:,:,8) = [0; 0; 0; 0; 0; 0; 0; 0; 0; 0; 0; 0; 0; 0; 0; 0; 0; 0; 0; 0; 0; 0; 0; 12; 0];
allocatedChunks(:,:,9) = [0; 0; 0; 0; 0; 0; 0; 0; 0; 0; 0; 0; 0; 0; 0; 0; 0; 0; 0; 0; 0; 0; 0; 0; 0];
allocatedChunks(:,:,10) = [0; 0; 0; 0; 0; 0; 0; 5; 13; 13; 4; 0; 0; 0; 0; 0; 0; 0; 0; 0; 0; 0; 0; 0; 0];
allocatedChunks(:,:,11) = [5; 5; 5; 5; 5; 5; 5; 5; 5; 5; 5; 5; 5; 5; 5; 5; 5; 5; 5; 5; 5; 5; 5; 5; 5];
allocatedChunks(:,:,12) = [0; 0; 0; 0; 0; 0; 0; 0; 0; 0; 9; 13; 13; 0; 0; 0; 0; 0; 0; 0; 0; 0; 0; 0; 0];
allocatedChunks(:,:,13) = [0; 0; 0; 0; 0; 0; 0; 0; 0; 0; 0; 0; 0; 0; 0; 0; 0; 0; 0; 0; 0; 0; 0; 0; 12];
allocatedChunks(:,:,14) = [0; 0; 0; 0; 0; 0; 0; 0; 0; 0; 0; 0; 0; 0; 0; 4; 13; 13; 13; 13; 0; 0; 0; 0; 0];
allocatedChunks(:,:,15) = [0; 0; 0; 0; 0; 0; 0; 0; 0; 0; 0; 0; 0; 13; 13; 9; 0; 0; 0; 0; 0; 0; 0; 0; 0];
allocatedChunks(:,:,16) = [5; 5; 5; 5; 5; 5; 5; 5; 5; 5; 5; 5; 5; 5; 5; 5; 5; 5; 5; 5; 5; 5; 5; 5; 5];
% non_allocated
non_allocated = [25, 6, 0, 75, 0, 25, 0, 0, 75, 0, 25, 0, 0, 19, 0, 25];
% dl_vio
dl_vio = [0, 24, 0, 0, 0, 0, 64, 0, 0, 32, 0, 104, 0, 455, 72, 0];
% st_vio
st_vio = [0, 0, 0, 0, 0, 1500, 0, 0, 0, 0, 14250, 0, 0, 0, 0, 50750];
% vioThroughput
vioThroughput = [0, 0, 0, 0, 0, 0, 0, 0, 0, 0, 0, 0, 0, 0, 0, 0];
% non_allo_vio
non_allo_vio = [1400, 630, 0, 3150, 0, 1400, 0, 0, 3150, 0, 1400, 0, 0, 798, 0, 1400];
% nChunks
nChunks = [150, 35, 12, 75, 35, 150, 35, 12, 75, 35, 150, 35, 12, 75, 35, 150];
% prefStartTime
prefStartTime = [0, 1, 0, 3, 4, 5, 6, 0, 8, 9, 10, 11, 0, 13, 14, 15];
% deadline
deadline = [30, 2, 100000, 8, 5, 35, 7, 100000, 13, 10, 40, 12, 100000, 18, 15, 45];
% availBW
availBW = [33, 33, 33, 33, 33, 33, 33, 33, 33, 33, 33, 33, 33, 33, 33, 33, 33, 33, 33, 33, 33, 33, 33, 33, 33];

