
% 2015-10-17 13:08:38

% my_logs\longTest1\0_2_2\rep_27\priorityMatch_log.m
scheduling_duration_us = 108677;

% schedule
schedule_f_t_n(:,:,1) = [6, 0, 0, 0; 0, 6, 0, 0; 0, 6, 0, 0; 0, 6, 0, 0; 0, 6, 0, 0; 0, 6, 0, 0; 0, 6, 0, 0; 0, 6, 0, 0; 0, 6, 0, 0; 0, 6, 0, 0; 0, 6, 0, 0; 0, 6, 0, 0; 0, 6, 0, 0; 0, 6, 0, 0; 0, 6, 0, 0; 6, 0, 0, 0; 6, 0, 0, 0; 6, 0, 0, 0; 6, 0, 0, 0; 0, 0, 0, 6; 0, 0, 0, 6; 0, 0, 0, 6; 0, 0, 0, 6; 0, 0, 0, 6; 0, 0, 0, 6; 0, 0, 0, 6; 0, 0, 0, 6; 0, 0, 0, 6; 0, 0, 0, 6; 0, 0, 0, 6; 6, 0, 0, 0; 6, 0, 0, 0; 6, 0, 0, 0; 6, 0, 0, 0; 6, 0, 0, 0; 6, 0, 0, 0; 6, 0, 0, 0; 6, 0, 0, 0; 6, 0, 0, 0; 6, 0, 0, 0; 6, 0, 0, 0; 6, 0, 0, 0; 6, 0, 0, 0; 6, 0, 0, 0; 6, 0, 0, 0; 6, 0, 0, 0; 6, 0, 0, 0; 6, 0, 0, 0; 6, 0, 0, 0; 6, 0, 0, 0; 6, 0, 0, 0; 6, 0, 0, 0; 6, 0, 0, 0; 6, 0, 0, 0; 6, 0, 0, 0; 6, 0, 0, 0; 6, 0, 0, 0; 0, 0, 0, 0; 0, 0, 0, 0; 0, 0, 0, 0; 0, 0, 0, 0; 0, 0, 0, 0; 0, 0, 0, 0; 0, 0, 0, 0; 0, 0, 0, 0; 0, 0, 0, 0; 0, 0, 0, 0; 0, 0, 0, 0; 0, 0, 0, 0; 0, 0, 0, 0; 0, 0, 0, 0; 0, 0, 0, 0; 0, 0, 0, 0; 0, 0, 0, 0; 0, 0, 0, 0; 0, 0, 0, 0; 0, 0, 0, 0; 0, 0, 0, 0; 0, 0, 0, 0; 0, 0, 0, 0; 0, 0, 0, 0; 0, 0, 0, 0; 0, 0, 0, 0; 0, 0, 0, 0; 0, 0, 0, 0; 0, 0, 0, 0; 0, 0, 0, 0; 0, 0, 0, 0; 0, 0, 0, 0; 0, 0, 6, 0; 0, 0, 6, 0; 0, 0, 6, 0; 0, 0, 6, 0; 0, 0, 6, 0; 0, 0, 6, 0; 0, 0, 6, 0; 0, 0, 0, 0; 0, 0, 0, 0; 0, 0, 0, 0; 0, 0, 0, 0];

% cost function results
vioSt = [0];
vioDl = [0];
vioNon = [0];
vioTpMin = [0, 0, 0, 0, 0, 0, 0, 0, 0, 0, 0, 0, 0, 0, 0, 0, 0, 0, 0, 0, 0, 0, 0, 0, 0, 0, 0, 0, 0, 0, 0, 0, 0, 0, 0, 0, 0, 0, 0, 0, 0, 0, 0, 0, 0, 0, 0, 0, 0, 0, 0, 0, 0, 0, 0, 0, 0, 4, 4, 4, 4, 4, 4, 4, 4, 4, 4, 4, 4, 4, 4, 4, 4, 4, 4, 4, 4, 4, 4, 4, 4, 4, 4, 4, 4, 4, 4, 4, 4, 0, 0, 0, 0, 0, 0, 0, 0, 0, 0, 0];
vioTp = [12800];
vioLcy = [55632];
vioJit = [38400];
cost_vio = 854656;
cost_switches = 1000;
cost_ch = 1902;
costTotal = 857558;

% priorityMatch
% 
% ############### Network 0 ##############
% F0	|[0]6	|	|	|	|	|	|	|	|	|	|[10]	|	|	|	|	|6	|6	|6	|6	|	|[20]	|	|	|	|	|	|	|	|	|	|[30]6	|6	|6	|6	|6	|6	|6	|6	|6	|6	|[40]6	|6	|6	|6	|6	|6	|6	|6	|6	|6	|[50]6	|6	|6	|6	|6	|6	|6	|	|	|	|[60]	|	|	|	|	|	|	|	|	|	|[70]	|	|	|	|	|	|	|	|	|	|[80]	|	|	|	|	|	|	|	|	|	|[90]	|	|	|	|	|	|	|	|	|	|
% ############### Network 1 ##############
% F0	|[0]	|6	|6	|6	|6	|6	|6	|6	|6	|6	|[10]6	|6	|6	|6	|6	|	|	|	|	|	|[20]	|	|	|	|	|	|	|	|	|	|[30]	|	|	|	|	|	|	|	|	|	|[40]	|	|	|	|	|	|	|	|	|	|[50]	|	|	|	|	|	|	|	|	|	|[60]	|	|	|	|	|	|	|	|	|	|[70]	|	|	|	|	|	|	|	|	|	|[80]	|	|	|	|	|	|	|	|	|	|[90]	|	|	|	|	|	|	|	|	|	|
% ############### Network 2 ##############
% F0	|[0]	|	|	|	|	|	|	|	|	|	|[10]	|	|	|	|	|	|	|	|	|	|[20]	|	|	|	|	|	|	|	|	|	|[30]	|	|	|	|	|	|	|	|	|	|[40]	|	|	|	|	|	|	|	|	|	|[50]	|	|	|	|	|	|	|	|	|	|[60]	|	|	|	|	|	|	|	|	|	|[70]	|	|	|	|	|	|	|	|	|	|[80]	|	|	|	|	|	|	|	|	|6	|[90]6	|6	|6	|6	|6	|6	|	|	|	|	|
% ############### Network 3 ##############
% F0	|[0]	|	|	|	|	|	|	|	|	|	|[10]	|	|	|	|	|	|	|	|	|6	|[20]6	|6	|6	|6	|6	|6	|6	|6	|6	|6	|[30]	|	|	|	|	|	|	|	|	|	|[40]	|	|	|	|	|	|	|	|	|	|[50]	|	|	|	|	|	|	|	|	|	|[60]	|	|	|	|	|	|	|	|	|	|[70]	|	|	|	|	|	|	|	|	|	|[80]	|	|	|	|	|	|	|	|	|	|[90]	|	|	|	|	|	|	|	|	|	|

