% t_n_i
% time:
generate_model = 3028;
duration_to_solve_model_us = 362;
create_model = 19;
% allocatedChunks
allocatedChunks(:,:,1) = [5, 0; 5, 0; 5, 0; 5, 0; 5, 0; 5, 0; 5, 0; 5, 0; 5, 0; 5, 0; 5, 0; 5, 0; 5, 0; 5, 0; 0, 5; 0, 5; 0, 5; 0, 5; 0, 5; 0, 5; 0, 5; 5, 0; 5, 0; 5, 0; 5, 0];
allocatedChunks(:,:,2) = [3, 0; 16, 0; 0, 0; 16, 0; 0, 0; 0, 0; 0, 0; 0, 0; 0, 0; 0, 0; 0, 0; 0, 0; 0, 0; 0, 0; 0, 0; 0, 0; 0, 0; 0, 0; 0, 0; 0, 0; 0, 0; 0, 0; 0, 0; 0, 0; 0, 0];
allocatedChunks(:,:,3) = [0, 0; 0, 0; 0, 0; 0, 0; 12, 0; 0, 0; 0, 0; 0, 0; 0, 0; 0, 0; 0, 0; 0, 0; 0, 0; 0, 0; 0, 0; 0, 0; 0, 0; 0, 0; 0, 0; 0, 0; 0, 0; 0, 0; 0, 0; 0, 0; 0, 0];
allocatedChunks(:,:,4) = [0, 0; 0, 0; 0, 0; 0, 0; 0, 0; 0, 0; 0, 0; 0, 0; 0, 0; 0, 0; 0, 0; 0, 0; 0, 0; 16, 0; 0, 27; 0, 59; 0, 59; 0, 59; 0, 59; 0, 59; 0, 27; 16, 0; 16, 0; 16, 0; 16, 0];
% non_allocated
non_allocated = [35, 0, 0, 21];
% dl_vio
dl_vio = [0, 0, 0, 0];
% st_vio
st_vio = [0, 0, 0, 1588];
% vioThroughput
vioThroughput = [0, 0, 0, 0];
% non_allo_vio
non_allo_vio = [1960, 0, 0, 882];
% nChunks
nChunks = [160, 35, 12, 450];
% prefStartTime
prefStartTime = [0, 6, 0, 18];
% deadline
deadline = [32, 7, 100000, 48];
% availBW
availBW = [21, 21, 21, 21, 21, 21, 21, 21, 21, 21, 21, 21, 21, 21, 21, 21, 21, 21, 21, 21, 21, 21, 21, 21, 21; 0, 0, 0, 0, 0, 0, 0, 0, 0, 0, 0, 0, 0, 0, 32, 64, 64, 64, 64, 64, 32, 0, 0, 0, 0];

