
% 2016-05-26 10:26:03

% my_logs\eval_4_4_3_c15\4_1_0\rep_17\Random_log.m
scheduling_duration_us = 82490;

% schedule
schedule_f_t_n(:,:,1) = [0; 0; 0; 0; 0; 0; 0; 0; 0; 0; 0; 0; 0; 0; 0; 0; 0; 0; 0; 0; 0; 0; 0; 0; 0; 0; 0; 0; 0; 0; 0; 0; 0; 0; 0; 0; 0; 0; 0; 0; 0; 0; 0; 0; 0; 0; 0; 0; 0; 0];
schedule_f_t_n(:,:,2) = [0; 0; 0; 0; 0; 0; 0; 0; 0; 0; 0; 0; 0; 0; 0; 0; 0; 0; 0; 0; 0; 0; 0; 28; 35; 35; 35; 35; 35; 35; 35; 35; 35; 35; 35; 35; 35; 35; 0; 0; 0; 0; 0; 0; 0; 0; 0; 0; 0; 0];
schedule_f_t_n(:,:,3) = [0; 0; 0; 0; 0; 0; 0; 0; 0; 0; 0; 0; 0; 0; 0; 0; 0; 0; 0; 0; 0; 0; 0; 0; 0; 0; 0; 0; 0; 0; 0; 0; 0; 0; 0; 0; 0; 0; 0; 0; 0; 0; 0; 0; 0; 0; 0; 0; 0; 0];
schedule_f_t_n(:,:,4) = [0; 0; 0; 0; 0; 0; 0; 0; 0; 0; 0; 0; 0; 0; 0; 0; 0; 0; 0; 0; 0; 0; 0; 0; 0; 0; 0; 0; 0; 0; 0; 0; 0; 0; 0; 0; 0; 0; 0; 0; 0; 0; 0; 0; 0; 0; 0; 0; 0; 0];
schedule_f_t_n(:,:,5) = [0; 0; 0; 0; 0; 0; 0; 0; 0; 0; 0; 0; 0; 41; 41; 41; 41; 23; 0; 0; 0; 0; 0; 0; 0; 0; 0; 0; 0; 0; 0; 0; 0; 0; 0; 0; 0; 0; 0; 0; 0; 0; 0; 0; 0; 0; 0; 0; 0; 0];
schedule_f_t_n(:,:,6) = [0; 0; 0; 0; 0; 0; 0; 0; 0; 0; 0; 0; 0; 0; 0; 0; 0; 0; 0; 0; 0; 0; 0; 0; 0; 0; 0; 0; 0; 0; 0; 0; 0; 0; 0; 0; 0; 0; 0; 0; 0; 0; 0; 0; 0; 0; 0; 0; 0; 0];
schedule_f_t_n(:,:,7) = [0; 0; 0; 0; 0; 0; 0; 0; 0; 0; 0; 0; 0; 0; 0; 0; 0; 0; 0; 0; 0; 0; 0; 0; 6; 6; 6; 6; 6; 6; 6; 6; 6; 6; 6; 6; 6; 6; 6; 6; 6; 6; 0; 0; 0; 0; 0; 0; 0; 0];
schedule_f_t_n(:,:,8) = [0; 0; 0; 0; 0; 41; 41; 0; 0; 0; 0; 0; 0; 0; 0; 0; 0; 0; 0; 0; 0; 0; 0; 0; 0; 0; 0; 0; 0; 0; 0; 0; 0; 0; 0; 0; 0; 0; 0; 0; 0; 0; 0; 0; 0; 0; 0; 0; 0; 0];
schedule_f_t_n(:,:,9) = [0; 0; 0; 0; 0; 0; 0; 0; 0; 0; 0; 0; 0; 0; 0; 0; 0; 0; 0; 0; 0; 0; 0; 0; 0; 0; 0; 0; 0; 0; 0; 0; 0; 0; 0; 0; 0; 0; 0; 0; 0; 0; 0; 0; 0; 0; 0; 0; 0; 0];
schedule_f_t_n(:,:,10) = [41; 41; 41; 41; 41; 0; 0; 41; 41; 41; 41; 41; 41; 0; 0; 0; 0; 18; 41; 41; 41; 41; 41; 13; 0; 0; 0; 0; 0; 0; 0; 0; 0; 0; 0; 0; 0; 0; 0; 0; 0; 0; 0; 0; 0; 0; 0; 0; 0; 0];
schedule_f_t_n(:,:,11) = [0; 0; 0; 0; 0; 0; 0; 0; 0; 0; 0; 0; 0; 0; 0; 0; 0; 0; 0; 0; 0; 0; 0; 0; 0; 0; 0; 0; 0; 0; 0; 0; 0; 0; 0; 0; 0; 0; 0; 0; 0; 0; 10; 0; 0; 0; 0; 0; 0; 0];
schedule_f_t_n(:,:,12) = [0; 0; 0; 0; 0; 0; 0; 0; 0; 0; 0; 0; 0; 0; 0; 0; 0; 0; 0; 0; 0; 0; 0; 0; 0; 0; 0; 0; 0; 0; 0; 0; 0; 0; 0; 0; 0; 0; 35; 35; 35; 35; 0; 0; 0; 0; 0; 0; 0; 0];
schedule_f_t_n(:,:,13) = [0; 0; 0; 0; 0; 0; 0; 0; 0; 0; 0; 0; 0; 0; 0; 0; 0; 0; 0; 0; 0; 0; 0; 0; 0; 0; 0; 0; 0; 0; 0; 0; 0; 0; 0; 0; 0; 0; 0; 0; 0; 0; 0; 0; 0; 0; 0; 0; 0; 0];
schedule_f_t_n(:,:,14) = [0; 0; 0; 0; 0; 0; 0; 0; 0; 0; 0; 0; 0; 0; 0; 0; 0; 0; 0; 0; 0; 0; 0; 0; 0; 0; 0; 0; 0; 0; 0; 0; 0; 0; 0; 0; 0; 0; 0; 0; 0; 0; 0; 0; 0; 0; 0; 0; 0; 0];
schedule_f_t_n(:,:,15) = [0; 0; 0; 0; 0; 0; 0; 0; 0; 0; 0; 0; 0; 0; 0; 0; 0; 0; 0; 0; 0; 0; 0; 0; 0; 0; 0; 0; 0; 0; 0; 0; 0; 0; 0; 0; 0; 0; 0; 0; 0; 0; 0; 0; 0; 0; 0; 0; 0; 0];
schedule_f_t_n(:,:,16) = [0; 0; 0; 0; 0; 0; 0; 0; 0; 0; 0; 0; 0; 0; 0; 0; 0; 0; 0; 0; 0; 0; 0; 0; 0; 0; 0; 0; 0; 0; 0; 0; 0; 0; 0; 0; 0; 0; 0; 0; 0; 0; 0; 0; 0; 0; 0; 0; 0; 0];

% cost function results
costTotal = 6355363;

% per run statistics
per_run_cost = [6317495, 7500548, 6580455, 4964235, 6844584, 5738058, 6715885, 6002475, 7441161, 6090807, 4618188, 6043827, 7084218, 6486247, 5248396, 6744604, 5849212, 6737343, 6757682, 6700432, 5828474, 7439083, 5711727, 6612043, 6980389, 6107511, 6096924, 7260723, 6624043, 4947010, 6352166, 7252323, 5805967, 4889721, 5364095, 6536579, 5684173, 5137407, 7085651, 7495213, 6170362, 5570916, 6836672, 6048577, 7412534, 7226415, 6422417, 6771846, 7301825, 4927584, 5770867, 5185226, 6199158, 4911546, 6030276, 6224642, 7063847, 7134777, 5526789, 7115606, 5639099, 6920640, 5149546, 6478466, 7399861, 5433488, 6163391, 7287527, 6899344, 5366024, 5805806, 5905280, 6317925, 6952232, 7345685, 6791645, 6336432, 5791608, 6729387, 7130436, 6901592, 6702393, 6133947, 7136126, 5077871, 7022565, 5559978, 6390857, 6729978, 7330439, 7045733, 7595124, 7386051, 7009686, 5945906, 5012268, 6230581, 7351547, 6527586, 6847619, 5958302, 5808850, 6480707, 5271342, 7192836, 4282691, 6396996, 7375858, 4874648, 6915937, 5639583, 7168243, 6505904, 7221472, 5034054, 7146833, 7226852, 5853194, 5303819, 7404893, 6767305, 6677974, 5745287, 6582986, 6727101, 7337256, 5953432, 5576503, 5732978, 6966299, 5510812, 6533937, 5477028, 6621005, 7405529, 7391055, 6979662, 6061295, 6753376, 7072337, 5600672, 6744661, 6796266, 6786418, 7391055, 6949963, 6447368, 6553096, 5882523, 5849135, 7050086, 5913570, 6152462, 6099488, 5297800, 5198562, 5504196, 6081669, 5902002, 6433405, 7529762, 4277834, 6743484, 6970012, 5508743, 6651782, 5256451, 7487023, 7343780, 6738309, 7321332, 7213180, 6445569, 5509097, 6491080, 6154122, 6152102, 5266640, 5106737, 7503530, 5351464, 6256046, 7072548, 6621441, 7525239, 5755818, 5759352, 4398033, 7174709, 7181983, 6778725, 6833050, 4461645, 6927631, 5399756, 6575600, 5043962, 7456725, 6436219, 7510923];
per_run_duration_us = [96278, 87865, 182844, 59221, 71019, 53585, 101793, 66596, 67615, 71970, 113325, 88159, 67661, 101429, 136868, 125665, 62237, 91359, 68371, 60250, 63238, 187325, 159325, 138207, 98204, 89422, 201692, 64290, 114850, 126202, 120016, 100186, 139486, 107800, 63303, 104592, 139009, 121757, 128760, 79534, 66264, 146419, 84165, 81930, 63734, 75834, 60941, 62424, 94391, 67271, 54865, 72834, 67758, 82804, 78359, 65810, 68295, 72786, 57123, 90534, 92711, 67806, 59252, 77438, 52710, 58298, 62143, 51711, 80685, 71164, 57125, 79019, 59698, 73715, 65320, 67068, 99101, 101786, 74767, 67225, 62997, 59061, 75691, 80691, 61906, 79226, 69142, 59618, 151264, 89074, 66143, 79434, 75062, 67507, 80595, 74213, 64157, 55649, 73252, 63353, 73771, 79257, 74870, 67471, 73086, 81256, 75832, 60289, 60306, 59489, 58210, 58337, 80738, 66165, 77698, 68543, 56168, 87290, 78599, 72731, 96621, 70399, 81645, 83035, 83959, 68843, 76856, 74777, 77364, 84096, 69417, 76687, 83236, 74350, 67632, 79667, 82527, 92533, 71910, 75928, 72764, 70840, 88040, 77049, 78244, 86384, 106541, 104658, 75154, 70823, 76269, 80794, 78612, 96748, 95170, 67609, 84240, 81266, 88683, 91325, 97772, 82799, 84644, 74087, 77997, 89842, 78809, 81419, 77412, 69904, 66783, 84617, 78183, 75882, 82762, 83369, 81070, 72341, 67581, 79794, 98787, 88498, 84387, 109787, 77630, 84781, 74827, 77725, 87794, 87078, 81247, 89126, 81812, 70966, 75956, 76889, 107590, 106800, 78453, 75317];

