
% 2015-10-17 01:23:13

% my_logs\longTest1\0_1_1\rep_5\priority_log.m
scheduling_duration_us = 19815;

% schedule
schedule_f_t_n(:,:,1) = [6, 0; 6, 0; 6, 0; 0, 6; 0, 6; 0, 6; 0, 6; 0, 6; 0, 6; 0, 6; 0, 6; 0, 6; 0, 6; 0, 6; 0, 6; 0, 6; 0, 6; 6, 0; 6, 0; 6, 0; 6, 0; 6, 0; 6, 0; 6, 0; 6, 0; 6, 0; 6, 0; 6, 0; 6, 0; 6, 0; 6, 0; 6, 0; 6, 0; 6, 0; 6, 0; 6, 0; 6, 0; 6, 0; 6, 0; 6, 0; 6, 0; 6, 0; 6, 0; 6, 0; 6, 0; 6, 0; 6, 0; 6, 0; 6, 0; 0, 0];

% cost function results
vioSt = [0];
vioDl = [0];
vioNon = [4320];
vioTpMin = [0, 0, 0, 0, 0, 0, 0, 0, 0, 0, 0, 0, 0, 0, 0, 0, 0, 0, 0, 0, 0, 0, 0, 0, 0, 0, 0, 0, 0, 0, 0, 0, 0, 0, 0, 0, 0, 0, 0, 0, 0, 0, 0, 0, 0, 0, 0, 0, 0, 0];
vioTp = [0];
vioLcy = [51870];
vioJit = [29484];
cost_vio = 856740;
cost_switches = 400;
cost_ch = 1806;
costTotal = 858946;

% priority
% 
% ############### Network 0 ##############
% F0	|[0]6	|6	|6	|	|	|	|	|	|	|	|[10]	|	|	|	|	|	|	|6	|6	|6	|[20]6	|6	|6	|6	|6	|6	|6	|6	|6	|6	|[30]6	|6	|6	|6	|6	|6	|6	|6	|6	|6	|[40]6	|6	|6	|6	|6	|6	|6	|6	|6	|	|
% ############### Network 1 ##############
% F0	|[0]	|	|	|6	|6	|6	|6	|6	|6	|6	|[10]6	|6	|6	|6	|6	|6	|6	|	|	|	|[20]	|	|	|	|	|	|	|	|	|	|[30]	|	|	|	|	|	|	|	|	|	|[40]	|	|	|	|	|	|	|	|	|	|

