
% 2016-05-25 16:31:46

% my_logs\eval_4_4_3_c15\4_1_0\rep_7\Random_log.m
scheduling_duration_us = 98119;

% schedule
schedule_f_t_n(:,:,1) = [0; 0; 0; 0; 0; 0; 0; 0; 0; 0; 0; 0; 0; 0; 50; 51; 51; 51; 51; 0; 0; 0; 0; 0; 0; 0; 0; 0; 0; 0; 0; 0; 0; 0; 0; 0; 0; 0; 0; 0; 0; 0; 0; 0; 0; 0; 0; 0; 0; 0];
schedule_f_t_n(:,:,2) = [0; 0; 0; 0; 0; 0; 0; 0; 0; 0; 0; 0; 0; 0; 0; 0; 0; 0; 0; 0; 0; 0; 0; 0; 0; 0; 0; 0; 0; 0; 0; 0; 0; 0; 0; 0; 0; 22; 22; 22; 51; 51; 51; 51; 51; 0; 0; 0; 0; 0];
schedule_f_t_n(:,:,3) = [0; 0; 0; 0; 0; 0; 0; 0; 0; 0; 0; 0; 0; 0; 0; 0; 0; 0; 0; 0; 0; 0; 0; 17; 17; 17; 17; 17; 17; 17; 17; 17; 17; 17; 17; 17; 17; 17; 17; 17; 0; 0; 0; 0; 0; 0; 0; 0; 0; 0];
schedule_f_t_n(:,:,4) = [0; 0; 0; 0; 0; 0; 0; 0; 0; 0; 0; 0; 0; 0; 0; 0; 0; 0; 0; 0; 0; 0; 0; 0; 0; 0; 0; 0; 0; 0; 0; 26; 26; 26; 26; 26; 26; 0; 0; 0; 0; 0; 0; 0; 0; 0; 0; 0; 0; 0];
schedule_f_t_n(:,:,5) = [0; 0; 0; 0; 0; 0; 0; 0; 0; 0; 0; 0; 0; 0; 0; 0; 0; 0; 0; 0; 0; 0; 0; 0; 0; 0; 0; 0; 0; 0; 0; 0; 0; 0; 0; 0; 0; 0; 0; 0; 0; 0; 0; 0; 0; 51; 0; 0; 0; 0];
schedule_f_t_n(:,:,6) = [51; 51; 51; 51; 51; 51; 51; 51; 51; 51; 51; 51; 51; 51; 1; 0; 0; 0; 0; 0; 0; 0; 0; 0; 0; 0; 0; 0; 0; 0; 0; 0; 0; 0; 0; 0; 0; 0; 0; 0; 0; 0; 0; 0; 0; 0; 0; 0; 0; 0];
schedule_f_t_n(:,:,7) = [0; 0; 0; 0; 0; 0; 0; 0; 0; 0; 0; 0; 0; 0; 0; 0; 0; 0; 0; 0; 0; 0; 0; 0; 0; 0; 0; 0; 0; 0; 0; 0; 0; 0; 0; 0; 0; 0; 0; 0; 0; 0; 0; 0; 0; 0; 0; 0; 0; 0];
schedule_f_t_n(:,:,8) = [0; 0; 0; 0; 0; 0; 0; 0; 0; 0; 0; 0; 0; 0; 0; 0; 0; 0; 0; 0; 0; 0; 0; 0; 0; 0; 0; 0; 0; 0; 0; 0; 0; 0; 0; 0; 0; 0; 0; 0; 0; 0; 0; 0; 0; 0; 0; 0; 0; 0];
schedule_f_t_n(:,:,9) = [0; 0; 0; 0; 0; 0; 0; 0; 0; 0; 0; 0; 0; 0; 0; 0; 0; 0; 0; 0; 0; 0; 0; 0; 0; 0; 0; 0; 0; 0; 0; 0; 0; 0; 0; 0; 0; 0; 0; 0; 0; 0; 0; 0; 0; 0; 0; 0; 0; 0];
schedule_f_t_n(:,:,10) = [0; 0; 0; 0; 0; 0; 0; 0; 0; 0; 0; 0; 0; 0; 0; 0; 0; 0; 0; 0; 0; 0; 0; 0; 0; 0; 0; 0; 0; 0; 0; 0; 0; 0; 0; 0; 0; 0; 0; 0; 0; 0; 0; 0; 0; 0; 51; 51; 0; 0];
schedule_f_t_n(:,:,11) = [0; 0; 0; 0; 0; 0; 0; 0; 0; 0; 0; 0; 0; 0; 0; 0; 0; 0; 0; 0; 0; 0; 0; 0; 0; 0; 0; 0; 0; 0; 8; 8; 8; 8; 8; 8; 8; 8; 8; 8; 0; 0; 0; 0; 0; 0; 0; 0; 0; 0];
schedule_f_t_n(:,:,12) = [0; 0; 0; 0; 0; 0; 0; 0; 0; 0; 0; 0; 0; 0; 0; 0; 0; 0; 0; 0; 0; 0; 0; 0; 0; 0; 0; 0; 0; 30; 0; 0; 0; 0; 0; 0; 0; 0; 0; 0; 0; 0; 0; 0; 0; 0; 0; 0; 0; 0];
schedule_f_t_n(:,:,13) = [0; 0; 0; 0; 0; 0; 0; 0; 0; 0; 0; 0; 0; 0; 0; 0; 0; 0; 0; 0; 0; 0; 0; 0; 0; 0; 0; 0; 0; 0; 22; 0; 0; 0; 0; 0; 0; 0; 0; 0; 0; 0; 0; 0; 0; 0; 0; 0; 0; 0];
schedule_f_t_n(:,:,14) = [0; 0; 0; 0; 0; 0; 0; 0; 0; 0; 0; 0; 0; 0; 0; 0; 0; 0; 0; 51; 51; 51; 51; 34; 34; 34; 34; 34; 34; 4; 0; 0; 0; 0; 0; 0; 0; 0; 0; 0; 0; 0; 0; 0; 0; 0; 0; 0; 0; 0];
schedule_f_t_n(:,:,15) = [0; 0; 0; 0; 0; 0; 0; 0; 0; 0; 0; 0; 0; 0; 0; 0; 0; 0; 0; 0; 0; 0; 0; 0; 0; 0; 0; 0; 0; 0; 4; 0; 0; 0; 0; 0; 0; 4; 4; 4; 0; 0; 0; 0; 0; 0; 0; 0; 0; 0];
schedule_f_t_n(:,:,16) = [0; 0; 0; 0; 0; 0; 0; 0; 0; 0; 0; 0; 0; 0; 0; 0; 0; 0; 0; 0; 0; 0; 0; 0; 0; 0; 0; 0; 0; 0; 0; 0; 0; 0; 0; 0; 0; 0; 0; 0; 0; 0; 0; 0; 0; 0; 0; 0; 0; 0];

% cost function results
costTotal = 7627236;

% per run statistics
per_run_cost = [7338185, 8705047, 8507598, 6988980, 8947896, 8648008, 8903645, 7374372, 7964005, 5859293, 7890421, 8251169, 7329244, 7897341, 9112799, 6811232, 8159489, 8830265, 7981183, 7963435, 7016919, 8059167, 6901913, 8416649, 8535404, 7969579, 7851027, 4829767, 7720829, 7961060, 7970620, 7022292, 8809671, 6957365, 7920764, 6521583, 5343016, 7707998, 7624411, 7691824, 8097904, 6971478, 6456092, 5477113, 5544329, 7529095, 9078239, 7465379, 8260648, 5892794, 7170841, 6885543, 5711848, 8394207, 8239183, 8965350, 6974119, 6685692, 9215438, 6882499, 6975593, 8069923, 7167743, 7636822, 7674222, 7363505, 7846127, 5883116, 6691297, 7727515, 8306687, 7226191, 7753721, 8710842, 8938381, 7588049, 7625051, 7037832, 6872439, 9066215, 5740693, 8112189, 8178582, 7594766, 7781007, 7995636, 8378214, 8532495, 9155288, 8926662, 8132183, 6310315, 5389473, 8345808, 7465304, 7199063, 8649561, 8560126, 7388729, 8305356, 7204567, 6074965, 7598921, 7265364, 7935485, 7700759, 7510368, 9051047, 5846460, 8773168, 8131082, 7603399, 8207719, 7367441, 6275259, 5674929, 8269084, 7620676, 7843233, 8696108, 8471552, 8114005, 8773431, 7400216, 8314531, 6373919, 6881563, 6733982, 7838183, 8326307, 7854109, 7881465, 8562213, 7762542, 8060908, 6136320, 9032247, 7301556, 8194466, 8341570, 8991504, 8137391, 7647153, 6204834, 6055301, 8608349, 6604692, 7282316, 7250425, 7739352, 7145097, 7469494, 8349514, 7724176, 6846052, 7849977, 8341526, 5987197, 6782848, 7830758, 4800837, 7253343, 8032295, 8211731, 7905944, 7175224, 8628563, 7773808, 7803677, 5885783, 6317470, 7293750, 5779963, 5688246, 8232903, 8382565, 7770932, 7837921, 8116176, 7278922, 8335699, 8103953, 8197607, 6205434, 8225566, 8782325, 7784479, 8112199, 7679447, 9017360, 7527247, 7774985, 8855621, 8994356, 8926922, 7277036, 7374972, 8161056, 7812996, 7778972];
per_run_duration_us = [70691, 67409, 132983, 85213, 89555, 66597, 100379, 158899, 84290, 76182, 74941, 74460, 85544, 79670, 73124, 70316, 84350, 181081, 75188, 131616, 120298, 150147, 116381, 81291, 227267, 179636, 75818, 125688, 73591, 90005, 92894, 141326, 101834, 97423, 104862, 138526, 105794, 95614, 113830, 112486, 135889, 102379, 148911, 108465, 100727, 109330, 87299, 87211, 81850, 79180, 127425, 77740, 118727, 104220, 94463, 80838, 78950, 72250, 89665, 75296, 243264, 89504, 114829, 168239, 92043, 87367, 97483, 87123, 126797, 98735, 92539, 95735, 92089, 86838, 83715, 107099, 95205, 107437, 87649, 87354, 98337, 89036, 98398, 86109, 95041, 89865, 91365, 83036, 87638, 90051, 95727, 105965, 100527, 91585, 93838, 99371, 103008, 90047, 90907, 86311, 89116, 90156, 90969, 97297, 88238, 90956, 85053, 82169, 87704, 90871, 106548, 89600, 86930, 94806, 83208, 109157, 80262, 83311, 83664, 88316, 91675, 103110, 86985, 153145, 95539, 92967, 88554, 88668, 88820, 84226, 94598, 115380, 102615, 93172, 122335, 89370, 84151, 77832, 94939, 89714, 84234, 94698, 86500, 96596, 97888, 85846, 106096, 85874, 87816, 104089, 96913, 89892, 94779, 83377, 86338, 119823, 82475, 87584, 85291, 79677, 78410, 87217, 101349, 123103, 88409, 164376, 103555, 80351, 83569, 93673, 80056, 88045, 101490, 145651, 86721, 99614, 87645, 97698, 104997, 91339, 92832, 92041, 101395, 105294, 121158, 92665, 94961, 87096, 94494, 83908, 95192, 83126, 95118, 117050, 86755, 91524, 93342, 94184, 84485, 82704];

