% t_n_i
% time:
generate_model = 2280;
duration_to_solve_model_us = 102;
create_model = 21;
% allocatedChunks
allocatedChunks(:,:,1) = [5; 5; 5; 5; 5; 5; 5; 5; 5; 5; 5; 5; 5; 5; 5; 5; 5; 5; 5; 5; 5; 5; 5; 5; 5];
allocatedChunks(:,:,2) = [13; 8; 0; 14; 0; 0; 0; 0; 0; 0; 0; 0; 0; 0; 0; 0; 0; 0; 0; 0; 0; 0; 0; 0; 0];
allocatedChunks(:,:,3) = [0; 0; 0; 0; 0; 0; 0; 0; 0; 0; 0; 0; 0; 0; 0; 0; 0; 0; 0; 0; 0; 0; 0; 0; 8];
allocatedChunks(:,:,4) = [0; 0; 0; 0; 0; 0; 0; 1; 14; 14; 14; 14; 14; 14; 14; 14; 14; 14; 14; 14; 14; 14; 14; 14; 0];
allocatedChunks(:,:,5) = [1; 0; 0; 0; 0; 14; 7; 13; 0; 0; 0; 0; 0; 0; 0; 0; 0; 0; 0; 0; 0; 0; 0; 0; 0];
allocatedChunks(:,:,6) = [5; 5; 5; 5; 5; 5; 5; 5; 5; 5; 5; 5; 5; 5; 5; 5; 5; 5; 5; 5; 5; 5; 5; 5; 5];
allocatedChunks(:,:,7) = [0; 0; 14; 0; 14; 0; 7; 0; 0; 0; 0; 0; 0; 0; 0; 0; 0; 0; 0; 0; 0; 0; 0; 0; 0];
allocatedChunks(:,:,8) = [0; 6; 0; 0; 0; 0; 0; 0; 0; 0; 0; 0; 0; 0; 0; 0; 0; 0; 0; 0; 0; 0; 0; 0; 6];
% non_allocated
non_allocated = [35, 0, 4, 0, 0, 30, 0, 0];
% dl_vio
dl_vio = [0, 0, 0, 0, 0, 0, 0, 0];
% st_vio
st_vio = [0, 0, 0, 2, 0, 50750, 0, 0];
% vioThroughput
vioThroughput = [0, 0, 0, 0, 0, 0, 0, 0];
% non_allo_vio
non_allo_vio = [1960, 0, 32, 0, 0, 1680, 0, 0];
% nChunks
nChunks = [160, 35, 12, 225, 35, 155, 35, 12];
% prefStartTime
prefStartTime = [0, 3, 0, 9, 12, 15, 18, 0];
% deadline
deadline = [32, 4, 100000, 24, 13, 46, 19, 100000];
% availBW
availBW = [24, 24, 24, 24, 24, 24, 24, 24, 24, 24, 24, 24, 24, 24, 24, 24, 24, 24, 24, 24, 24, 24, 24, 24, 24];

