
% 2015-10-17 01:23:13

% my_logs\longTest1\0_1_1\rep_4\optimization_log.m
scheduling_duration_us = 281278;

% schedule
schedule_f_t_n(:,:,1) = [4, 0; 6, 0; 4, 0; 6, 0; 4, 0; 6, 0; 6, 0; 4, 0; 4, 0; 4, 0; 4, 0; 4, 0; 6, 0; 6, 0; 4, 0; 4, 0; 4, 0; 6, 0; 6, 0; 6, 0; 6, 0; 6, 0; 0, 0; 0, 0; 0, 0; 0, 0; 0, 0; 0, 0; 0, 0; 0, 0; 0, 0; 0, 0; 0, 0; 0, 0; 0, 0; 0, 0; 0, 0; 0, 0; 0, 0; 0, 0; 0, 0; 0, 0; 0, 0; 0, 0; 0, 0; 0, 0; 0, 0; 0, 0; 0, 0; 0, 0];

% cost function results
vioSt = [0];
vioDl = [0];
vioNon = [0];
vioTpMin = [0, 0, 0, 0, 0, 0, 0, 0, 0, 0, 0, 0, 0, 0, 0, 0, 0, 0, 0, 0, 0, 0, 0, 0, 0, 0, 0, 0, 0, 0, 0, 0, 0, 0, 0, 0, 0, 0, 0, 0, 0, 0, 0, 0, 0, 0, 0, 0, 0, 0];
vioTp = [0];
vioLcy = [5940];
vioJit = [770];
cost_vio = 73810;
cost_switches = 0;
cost_ch = 1430;
costTotal = 75240;

% optimization
% 
% ############### Network 0 ##############
% F0	|[0]4	|6	|4	|6	|4	|6	|6	|4	|4	|4	|[10]4	|4	|6	|6	|4	|4	|4	|6	|6	|6	|[20]6	|6	|	|	|	|	|	|	|	|	|[30]	|	|	|	|	|	|	|	|	|	|[40]	|	|	|	|	|	|	|	|	|	|
% ############### Network 1 ##############

