
% 2015-10-17 01:29:06

% my_logs\longTest1\0_1_2\rep_6\optimization_log.m
scheduling_duration_us = 386349;

% schedule
schedule_f_t_n(:,:,1) = [4, 0, 0, 0; 4, 0, 0, 0; 4, 0, 0, 0; 4, 0, 0, 0; 4, 0, 0, 0; 4, 0, 0, 0; 4, 0, 0, 0; 4, 0, 0, 0; 4, 0, 0, 0; 4, 0, 0, 0; 4, 0, 0, 0; 4, 0, 0, 0; 4, 0, 0, 0; 4, 0, 0, 0; 4, 0, 0, 0; 4, 0, 0, 0; 4, 0, 0, 0; 4, 0, 0, 0; 4, 0, 0, 0; 4, 0, 0, 0; 4, 0, 0, 0; 4, 0, 0, 0; 4, 0, 0, 0; 4, 0, 0, 0; 4, 0, 0, 0; 4, 0, 0, 0; 4, 0, 0, 0; 4, 0, 0, 0; 4, 0, 0, 0; 0, 0, 0, 4; 0, 0, 0, 4; 0, 0, 0, 4; 0, 4, 0, 0; 0, 4, 0, 0; 0, 4, 0, 0; 0, 4, 0, 0; 0, 4, 0, 0; 0, 4, 0, 0; 0, 4, 0, 0; 0, 0, 0, 4; 4, 0, 0, 0; 4, 0, 0, 0; 0, 0, 0, 0; 0, 0, 0, 0; 0, 0, 0, 0; 0, 0, 0, 0; 0, 0, 0, 0; 0, 0, 0, 0; 0, 0, 0, 0; 0, 0, 0, 0];

% cost function results
vioSt = [0];
vioDl = [0];
vioNon = [8316];
vioTpMin = [0, 0, 0, 0, 0, 0, 0, 0, 0, 0, 0, 0, 0, 0, 0, 0, 0, 0, 0, 0, 0, 0, 0, 0, 0, 0, 0, 0, 0, 0, 0, 0, 0, 0, 0, 0, 0, 0, 0, 0, 0, 0, 0, 0, 0, 0, 0, 0, 0, 0];
vioTp = [0];
vioLcy = [9056];
vioJit = [18816];
cost_vio = 398068;
cost_switches = 800;
cost_ch = 1648;
costTotal = 400516;

% optimization
% 
% ############### Network 0 ##############
% F0	|[0]4	|4	|4	|4	|4	|4	|4	|4	|4	|4	|[10]4	|4	|4	|4	|4	|4	|4	|4	|4	|4	|[20]4	|4	|4	|4	|4	|4	|4	|4	|4	|	|[30]	|	|	|	|	|	|	|	|	|	|[40]4	|4	|	|	|	|	|	|	|	|	|
% ############### Network 1 ##############
% F0	|[0]	|	|	|	|	|	|	|	|	|	|[10]	|	|	|	|	|	|	|	|	|	|[20]	|	|	|	|	|	|	|	|	|	|[30]	|	|4	|4	|4	|4	|4	|4	|4	|	|[40]	|	|	|	|	|	|	|	|	|	|
% ############### Network 2 ##############
% ############### Network 3 ##############
% F0	|[0]	|	|	|	|	|	|	|	|	|	|[10]	|	|	|	|	|	|	|	|	|	|[20]	|	|	|	|	|	|	|	|	|4	|[30]4	|4	|	|	|	|	|	|	|	|4	|[40]	|	|	|	|	|	|	|	|	|	|

