% t_n_i
% time:
generate_model = 45964;
duration_to_solve_model_us = 400;
create_model = 154;
% allocatedChunks
allocatedChunks(:,:,1) = [5; 5; 5; 5; 5; 5; 5; 5; 5; 5; 5; 5; 5; 5; 5; 5; 5; 5; 5; 5; 5; 5; 5; 5; 5; 5; 5; 5; 5; 5; 5; 5; 5; 0; 0; 0; 0; 0; 0; 0; 0; 0; 0; 0; 0; 0; 0; 0; 0; 0];
allocatedChunks(:,:,2) = [0; 0; 0; 0; 0; 0; 0; 0; 28; 9; 0; 0; 0; 0; 0; 0; 0; 0; 0; 0; 0; 0; 0; 0; 0; 0; 0; 0; 0; 0; 0; 0; 0; 0; 0; 0; 0; 0; 0; 0; 0; 0; 0; 0; 0; 0; 0; 0; 0; 0];
allocatedChunks(:,:,3) = [0; 0; 0; 0; 0; 0; 0; 0; 0; 0; 0; 0; 0; 0; 0; 0; 0; 0; 0; 0; 0; 0; 0; 0; 0; 0; 0; 0; 0; 25; 0; 0; 0; 0; 0; 0; 0; 0; 0; 0; 0; 0; 0; 0; 0; 0; 0; 0; 0; 0];
allocatedChunks(:,:,4) = [0; 0; 0; 0; 0; 0; 0; 0; 0; 0; 0; 0; 0; 0; 0; 0; 0; 0; 0; 0; 0; 0; 0; 0; 0; 0; 0; 0; 0; 0; 0; 28; 28; 33; 33; 33; 33; 33; 33; 33; 33; 33; 33; 33; 33; 33; 33; 33; 33; 33];
% non_allocated
non_allocated = [0, 0, 0, 283];
% dl_vio
dl_vio = [0, 0, 0, 0];
% st_vio
st_vio = [0, 0, 0, 1730];
% vioThroughput
vioThroughput = [850000, 0, 0, 0];
% non_allo_vio
non_allo_vio = [0, 0, 0, 11886];
% nChunks
nChunks = [165, 37, 25, 900];
% prefStartTime
prefStartTime = [0, 12, 0, 36];
% deadline
deadline = [33, 13, 100000, 96];
% availBW
availBW = [33, 33, 33, 33, 33, 33, 33, 33, 33, 33, 33, 33, 33, 33, 33, 33, 33, 33, 33, 33, 33, 33, 33, 33, 33, 33, 33, 33, 33, 33, 33, 33, 33, 33, 33, 33, 33, 33, 33, 33, 33, 33, 33, 33, 33, 33, 33, 33, 33, 33];

