
% 2015-10-17 01:23:29

% my_logs\longTest1\0_1_1\rep_20\optimization_log.m
scheduling_duration_us = 243063;

% schedule
schedule_f_t_n(:,:,1) = [4, 0; 4, 0; 4, 0; 4, 0; 4, 0; 4, 0; 4, 0; 4, 0; 4, 0; 4, 0; 4, 0; 4, 0; 4, 0; 4, 0; 4, 0; 4, 0; 4, 0; 4, 0; 4, 0; 4, 0; 4, 0; 4, 0; 4, 0; 4, 0; 4, 0; 4, 0; 4, 0; 4, 0; 4, 0; 4, 0; 0, 6; 0, 6; 0, 6; 0, 6; 0, 6; 0, 6; 0, 6; 0, 6; 0, 6; 0, 6; 4, 0; 4, 0; 4, 0; 4, 0; 4, 0; 4, 0; 4, 0; 4, 0; 4, 0; 0, 0];

% cost function results
vioSt = [0];
vioDl = [0];
vioNon = [8640];
vioTpMin = [0, 0, 0, 0, 0, 0, 0, 0, 0, 0, 0, 0, 0, 0, 0, 0, 0, 0, 0, 0, 0, 0, 0, 0, 0, 0, 0, 0, 0, 0, 0, 0, 0, 0, 0, 0, 0, 0, 0, 0, 0, 0, 0, 0, 0, 0, 0, 0, 0, 0];
vioTp = [0];
vioLcy = [12480];
vioJit = [17280];
cost_vio = 384000;
cost_switches = 400;
cost_ch = 1524;
costTotal = 385924;

% optimization
% 
% ############### Network 0 ##############
% F0	|[0]4	|4	|4	|4	|4	|4	|4	|4	|4	|4	|[10]4	|4	|4	|4	|4	|4	|4	|4	|4	|4	|[20]4	|4	|4	|4	|4	|4	|4	|4	|4	|4	|[30]	|	|	|	|	|	|	|	|	|	|[40]4	|4	|4	|4	|4	|4	|4	|4	|4	|	|
% ############### Network 1 ##############
% F0	|[0]	|	|	|	|	|	|	|	|	|	|[10]	|	|	|	|	|	|	|	|	|	|[20]	|	|	|	|	|	|	|	|	|	|[30]6	|6	|6	|6	|6	|6	|6	|6	|6	|6	|[40]	|	|	|	|	|	|	|	|	|	|

