
% 2015-10-17 01:23:29

% my_logs\longTest1\0_1_1\rep_20\priority_log.m
scheduling_duration_us = 12330;

% schedule
schedule_f_t_n(:,:,1) = [6, 0; 6, 0; 6, 0; 6, 0; 6, 0; 6, 0; 6, 0; 6, 0; 6, 0; 6, 0; 6, 0; 6, 0; 6, 0; 6, 0; 6, 0; 6, 0; 6, 0; 6, 0; 6, 0; 6, 0; 6, 0; 6, 0; 6, 0; 6, 0; 6, 0; 6, 0; 6, 0; 6, 0; 6, 0; 6, 0; 0, 6; 0, 6; 0, 6; 0, 6; 0, 6; 0, 6; 0, 6; 0, 6; 0, 6; 0, 6; 6, 0; 6, 0; 6, 0; 6, 0; 6, 0; 6, 0; 6, 0; 6, 0; 6, 0; 0, 0];

% cost function results
vioSt = [0];
vioDl = [0];
vioNon = [1620];
vioTpMin = [0, 0, 0, 0, 0, 0, 0, 0, 0, 0, 0, 0, 0, 0, 0, 0, 0, 0, 0, 0, 0, 0, 0, 0, 0, 0, 0, 0, 0, 0, 0, 0, 0, 0, 0, 0, 0, 0, 0, 0, 0, 0, 0, 0, 0, 0, 0, 0, 0, 0];
vioTp = [0];
vioLcy = [18720];
vioJit = [23520];
cost_vio = 438600;
cost_switches = 400;
cost_ch = 2226;
costTotal = 441226;

% priority
% 
% ############### Network 0 ##############
% F0	|[0]6	|6	|6	|6	|6	|6	|6	|6	|6	|6	|[10]6	|6	|6	|6	|6	|6	|6	|6	|6	|6	|[20]6	|6	|6	|6	|6	|6	|6	|6	|6	|6	|[30]	|	|	|	|	|	|	|	|	|	|[40]6	|6	|6	|6	|6	|6	|6	|6	|6	|	|
% ############### Network 1 ##############
% F0	|[0]	|	|	|	|	|	|	|	|	|	|[10]	|	|	|	|	|	|	|	|	|	|[20]	|	|	|	|	|	|	|	|	|	|[30]6	|6	|6	|6	|6	|6	|6	|6	|6	|6	|[40]	|	|	|	|	|	|	|	|	|	|

