
% 2015-10-17 01:04:30

% my_logs\longTest1\1_0_1\rep_15\priorityMatch_log.m
scheduling_duration_us = 3116;

% schedule
schedule_f_t_n(:,:,1) = [5, 0; 0, 5; 0, 5; 0, 5; 0, 5; 0, 5; 0, 5; 0, 5; 0, 5; 0, 5; 0, 5; 5, 0; 5, 0; 5, 0; 5, 0; 5, 0; 5, 0; 5, 0; 5, 0; 5, 0; 5, 0; 5, 0; 5, 0; 0, 0; 0, 0];
schedule_f_t_n(:,:,2) = [0, 0; 0, 12; 0, 13; 0, 0; 0, 0; 0, 0; 0, 0; 0, 0; 0, 0; 0, 0; 0, 0; 0, 0; 0, 0; 0, 0; 0, 0; 0, 0; 0, 0; 0, 0; 0, 0; 0, 0; 0, 0; 0, 0; 0, 0; 0, 0; 0, 0];

% cost function results
vioSt = [0, 0];
vioDl = [0, 0];
vioNon = [0, 0];
vioTpMin = [0, 0, 0, 0, 0, 0, 0, 0, 0, 0, 0, 0, 0, 0, 0, 0, 0, 0, 0, 0, 0, 0, 0, 0, 0; 0, 0, 0, 0, 0, 0, 0, 0, 0, 0, 0, 0, 0, 0, 0, 0, 0, 0, 0, 0, 0, 0, 0, 0, 0];
vioTp = [0, 0];
vioLcy = [11375, 0];
vioJit = [13740, 0];
cost_vio = 226035;
cost_switches = 400;
cost_ch = 670;
costTotal = 227105;

% priorityMatch
% 
% ############### Network 0 ##############
% F0	|[0]5	|	|	|	|	|	|	|	|	|	|[10]	|5	|5	|5	|5	|5	|5	|5	|5	|5	|[20]5	|5	|5	|	|	|
% ############### Network 1 ##############
% F0	|[0]	|5	|5	|5	|5	|5	|5	|5	|5	|5	|[10]5	|	|	|	|	|	|	|	|	|	|[20]	|	|	|	|	|
% F1	|[0]	|12	|13	|	|	|	|	|	|	|	|[10]	|	|	|	|	|	|	|	|	|	|[20]	|	|	|	|	|

