
% 2015-10-17 01:04:30

% my_logs\longTest1\1_0_1\rep_15\random_log.m
scheduling_duration_us = 2110;

% schedule
schedule_f_t_n(:,:,1) = [5, 0; 5, 0; 5, 0; 0, 5; 5, 0; 5, 0; 0, 5; 5, 0; 5, 0; 0, 5; 5, 0; 5, 0; 5, 0; 5, 0; 5, 0; 5, 0; 5, 0; 5, 0; 5, 0; 5, 0; 5, 0; 5, 0; 5, 0; 0, 0; 0, 0];
schedule_f_t_n(:,:,2) = [0, 0; 0, 0; 0, 0; 0, 0; 0, 0; 0, 0; 0, 0; 0, 0; 0, 0; 0, 0; 0, 0; 0, 0; 0, 0; 0, 0; 0, 0; 0, 0; 0, 0; 0, 0; 0, 0; 0, 0; 0, 0; 0, 0; 0, 0; 0, 0; 0, 0];

% cost function results
costTotal = 274049;

