
% 2015-10-17 01:03:48

% my_logs\longTest1\2_0_0\rep_13\optimization_log.m
scheduling_duration_us = 138398;

% schedule
schedule_f_t_n(:,:,1) = [4; 4; 4; 4; 4; 4; 4; 4; 4; 4; 4; 4; 4; 4; 4; 4; 0; 0; 0; 0; 0; 0; 0; 0; 0];
schedule_f_t_n(:,:,2) = [0; 0; 0; 5; 20; 0; 0; 0; 0; 0; 0; 0; 0; 0; 0; 0; 0; 0; 0; 0; 0; 0; 0; 0; 0];
schedule_f_t_n(:,:,3) = [0; 0; 0; 0; 0; 0; 0; 0; 0; 0; 0; 0; 0; 16; 0; 0; 0; 0; 0; 0; 0; 0; 0; 0; 0];
schedule_f_t_n(:,:,4) = [0; 0; 0; 0; 0; 0; 0; 0; 0; 0; 0; 0; 0; 0; 20; 20; 24; 24; 24; 24; 24; 24; 24; 24; 24];

% cost function results
vioSt = [0, 0, 0, 852];
vioDl = [0, 0, 0, 168];
vioNon = [2016, 0, 0, 10080];
vioTpMin = [0, 0, 0, 0, 0, 0, 0, 0, 0, 0, 0, 0, 0, 0, 0, 0, 4, 4, 4, 4, 4, 4, 4, 0, 0; 0, 0, 0, 0, 0, 0, 0, 0, 0, 0, 0, 0, 0, 0, 0, 0, 0, 0, 0, 0, 0, 0, 0, 0, 0; 0, 0, 0, 0, 0, 0, 0, 0, 0, 0, 0, 0, 0, 0, 0, 0, 0, 0, 0, 0, 0, 0, 0, 0, 0; 0, 0, 0, 0, 0, 0, 0, 0, 0, 0, 0, 0, 0, 0, 0, 0, 0, 0, 0, 0, 0, 0, 0, 0, 0];
vioTp = [2800, 0, 0, 0];
vioLcy = [9600, 0, 0, 0];
vioJit = [448, 0, 0, 0];
cost_vio = 174412;
cost_switches = 0;
cost_ch = 4693;
costTotal = 179105;

% optimization
% 
% ############### Network 0 ##############
% F0	|[0]4	|4	|4	|4	|4	|4	|4	|4	|4	|4	|[10]4	|4	|4	|4	|4	|4	|	|	|	|	|[20]	|	|	|	|	|
% F1	|[0]	|	|	|5	|20	|	|	|	|	|	|[10]	|	|	|	|	|	|	|	|	|	|[20]	|	|	|	|	|
% F2	|[0]	|	|	|	|	|	|	|	|	|	|[10]	|	|	|16	|	|	|	|	|	|	|[20]	|	|	|	|	|
% F3	|[0]	|	|	|	|	|	|	|	|	|	|[10]	|	|	|	|20	|20	|24	|24	|24	|24	|[20]24	|24	|24	|24	|24	|

