
% 2015-10-17 01:03:48

% my_logs\longTest1\2_0_0\rep_13\priorityMatch_log.m
scheduling_duration_us = 2854;

% schedule
schedule_f_t_n(:,:,1) = [5; 5; 5; 5; 5; 5; 5; 5; 5; 5; 5; 5; 5; 5; 5; 5; 5; 5; 2; 0; 0; 0; 0; 0; 0];
schedule_f_t_n(:,:,2) = [19; 6; 0; 0; 0; 0; 0; 0; 0; 0; 0; 0; 0; 0; 0; 0; 0; 0; 0; 0; 0; 0; 0; 0; 0];
schedule_f_t_n(:,:,3) = [0; 13; 3; 0; 0; 0; 0; 0; 0; 0; 0; 0; 0; 0; 0; 0; 0; 0; 0; 0; 0; 0; 0; 0; 0];
schedule_f_t_n(:,:,4) = [0; 0; 0; 0; 0; 0; 0; 0; 0; 0; 0; 0; 0; 0; 0; 19; 19; 19; 22; 24; 24; 24; 24; 24; 24];

% cost function results
vioSt = [0, 0, 0, 285];
vioDl = [0, 0, 0, 168];
vioNon = [0, 0, 0, 11235];
vioTpMin = [0, 0, 0, 0, 0, 0, 0, 0, 0, 0, 0, 0, 0, 0, 0, 0, 0, 0, 2, 4, 4, 4, 4, 0, 0; 0, 0, 0, 0, 0, 0, 0, 0, 0, 0, 0, 0, 0, 0, 0, 0, 0, 0, 0, 0, 0, 0, 0, 0, 0; 0, 0, 0, 0, 0, 0, 0, 0, 0, 0, 0, 0, 0, 0, 0, 0, 0, 0, 0, 0, 0, 0, 0, 0, 0; 0, 0, 0, 0, 0, 0, 0, 0, 0, 0, 0, 0, 0, 0, 0, 0, 0, 0, 0, 0, 0, 0, 0, 0, 0];
vioTp = [1800, 0, 0, 0];
vioLcy = [13800, 0, 0, 0];
vioJit = [644, 0, 0, 0];
cost_vio = 188392;
cost_switches = 0;
cost_ch = 4628;
costTotal = 193020;

% priorityMatch
% 
% ############### Network 0 ##############
% F0	|[0]5	|5	|5	|5	|5	|5	|5	|5	|5	|5	|[10]5	|5	|5	|5	|5	|5	|5	|5	|2	|	|[20]	|	|	|	|	|
% F1	|[0]19	|6	|	|	|	|	|	|	|	|	|[10]	|	|	|	|	|	|	|	|	|	|[20]	|	|	|	|	|
% F2	|[0]	|13	|3	|	|	|	|	|	|	|	|[10]	|	|	|	|	|	|	|	|	|	|[20]	|	|	|	|	|
% F3	|[0]	|	|	|	|	|	|	|	|	|	|[10]	|	|	|	|	|19	|19	|19	|22	|24	|[20]24	|24	|24	|24	|24	|

