
% 2015-10-17 10:31:26

% my_logs\longTest1\0_2_0\rep_29\optimization_log.m
scheduling_duration_us = 1060575;

% schedule
schedule_f_t_n(:,:,1) = [4; 4; 4; 4; 4; 4; 4; 4; 4; 4; 4; 4; 4; 4; 4; 4; 4; 4; 4; 4; 4; 4; 4; 4; 4; 4; 4; 4; 4; 4; 4; 4; 4; 4; 4; 4; 4; 4; 4; 4; 4; 4; 4; 4; 4; 4; 4; 4; 4; 4; 4; 4; 4; 4; 4; 4; 4; 4; 4; 4; 4; 4; 4; 4; 4; 4; 4; 4; 4; 4; 4; 4; 4; 4; 4; 4; 4; 4; 4; 4; 4; 4; 4; 4; 4; 4; 4; 4; 4; 4; 4; 4; 4; 4; 4; 4; 4; 4; 4; 0];

% cost function results
vioSt = [0];
vioDl = [0];
vioNon = [23166];
vioTpMin = [0, 0, 0, 0, 0, 0, 0, 0, 0, 0, 0, 0, 0, 0, 0, 0, 0, 0, 0, 0, 0, 0, 0, 0, 0, 0, 0, 0, 0, 0, 0, 0, 0, 0, 0, 0, 0, 0, 0, 0, 0, 0, 0, 0, 0, 0, 0, 0, 0, 0, 0, 0, 0, 0, 0, 0, 0, 0, 0, 0, 0, 0, 0, 0, 0, 0, 0, 0, 0, 0, 0, 0, 0, 0, 0, 0, 0, 0, 0, 0, 0, 0, 0, 0, 0, 0, 0, 0, 0, 0, 0, 0, 0, 0, 0, 0, 0, 0, 0, 0];
vioTp = [0];
vioLcy = [17820];
vioJit = [44352];
cost_vio = 938718;
cost_switches = 0;
cost_ch = 3960;
costTotal = 942678;

% optimization
% 
% ############### Network 0 ##############
% F0	|[0]4	|4	|4	|4	|4	|4	|4	|4	|4	|4	|[10]4	|4	|4	|4	|4	|4	|4	|4	|4	|4	|[20]4	|4	|4	|4	|4	|4	|4	|4	|4	|4	|[30]4	|4	|4	|4	|4	|4	|4	|4	|4	|4	|[40]4	|4	|4	|4	|4	|4	|4	|4	|4	|4	|[50]4	|4	|4	|4	|4	|4	|4	|4	|4	|4	|[60]4	|4	|4	|4	|4	|4	|4	|4	|4	|4	|[70]4	|4	|4	|4	|4	|4	|4	|4	|4	|4	|[80]4	|4	|4	|4	|4	|4	|4	|4	|4	|4	|[90]4	|4	|4	|4	|4	|4	|4	|4	|4	|	|

