
% 2015-10-17 01:05:47

% my_logs\longTest1\0_0_2\rep_20\random_log.m
scheduling_duration_us = 4319;

% schedule
schedule_f_t_n(:,:,1) = [5, 0, 0, 0; 5, 0, 0, 0; 5, 0, 0, 0; 5, 0, 0, 0; 5, 0, 0, 0; 0, 0, 5, 0; 0, 0, 5, 0; 0, 0, 5, 0; 5, 0, 0, 0; 0, 0, 0, 5; 0, 0, 0, 5; 5, 0, 0, 0; 0, 0, 0, 5; 0, 0, 0, 5; 5, 0, 0, 0; 0, 0, 0, 5; 5, 0, 0, 0; 5, 0, 0, 0; 5, 0, 0, 0; 5, 0, 0, 0; 5, 0, 0, 0; 5, 0, 0, 0; 5, 0, 0, 0; 5, 0, 0, 0; 0, 0, 0, 0];

% cost function results
costTotal = 173433;

