
% 2015-10-17 01:23:33

% my_logs\longTest1\0_1_1\rep_24\random_log.m
scheduling_duration_us = 8581;

% schedule
schedule_f_t_n(:,:,1) = [5, 0; 5, 0; 5, 0; 5, 0; 5, 0; 5, 0; 5, 0; 5, 0; 5, 0; 5, 0; 5, 0; 5, 0; 5, 0; 5, 0; 5, 0; 5, 0; 5, 0; 5, 0; 5, 0; 5, 0; 5, 0; 5, 0; 5, 0; 5, 0; 5, 0; 5, 0; 5, 0; 5, 0; 5, 0; 5, 0; 5, 0; 5, 0; 5, 0; 5, 0; 5, 0; 5, 0; 5, 0; 5, 0; 5, 0; 5, 0; 0, 5; 0, 5; 5, 0; 5, 0; 0, 5; 0, 5; 5, 0; 5, 0; 5, 0; 0, 0];

% cost function results
costTotal = 1083877;

