
% 2016-05-26 10:25:24

% my_logs\eval_4_4_3_c15\4_1_0\rep_12\Random_log.m
scheduling_duration_us = 87057;

% schedule
schedule_f_t_n(:,:,1) = [0; 0; 0; 0; 0; 0; 0; 0; 0; 0; 0; 0; 0; 0; 0; 0; 0; 0; 0; 0; 0; 0; 0; 0; 0; 0; 0; 0; 0; 0; 0; 0; 0; 0; 0; 0; 0; 0; 0; 0; 0; 0; 0; 0; 0; 0; 0; 0; 0; 0];
schedule_f_t_n(:,:,2) = [0; 0; 0; 0; 0; 0; 0; 0; 0; 0; 0; 0; 0; 0; 0; 0; 0; 0; 0; 0; 0; 0; 0; 0; 0; 0; 0; 0; 38; 50; 50; 50; 50; 50; 0; 0; 0; 0; 0; 0; 0; 0; 0; 0; 0; 0; 0; 0; 0; 0];
schedule_f_t_n(:,:,3) = [0; 0; 0; 0; 0; 0; 0; 0; 0; 0; 0; 20; 20; 20; 20; 20; 20; 20; 20; 20; 20; 20; 20; 20; 20; 20; 0; 0; 0; 0; 0; 0; 0; 0; 0; 0; 0; 0; 0; 0; 0; 0; 0; 0; 0; 0; 0; 0; 0; 0];
schedule_f_t_n(:,:,4) = [0; 0; 0; 0; 0; 0; 0; 0; 0; 0; 0; 0; 0; 0; 0; 0; 0; 0; 0; 0; 0; 0; 0; 0; 0; 0; 0; 0; 0; 0; 0; 0; 0; 0; 0; 0; 0; 0; 0; 0; 0; 0; 0; 0; 0; 0; 0; 0; 0; 0];
schedule_f_t_n(:,:,5) = [0; 0; 0; 0; 0; 0; 0; 0; 0; 0; 0; 0; 0; 0; 0; 0; 0; 0; 0; 0; 0; 0; 0; 0; 0; 0; 0; 0; 0; 0; 0; 0; 0; 0; 0; 0; 0; 0; 0; 0; 0; 0; 0; 0; 0; 0; 0; 0; 0; 0];
schedule_f_t_n(:,:,6) = [0; 0; 0; 0; 0; 0; 0; 0; 0; 0; 0; 0; 0; 0; 0; 0; 0; 0; 0; 0; 0; 0; 0; 0; 0; 0; 0; 0; 0; 0; 0; 0; 0; 0; 0; 0; 0; 0; 0; 0; 0; 0; 0; 0; 0; 0; 0; 0; 0; 0];
schedule_f_t_n(:,:,7) = [0; 0; 0; 0; 0; 0; 0; 0; 0; 0; 0; 0; 0; 0; 0; 0; 0; 0; 0; 0; 0; 0; 0; 0; 0; 0; 0; 0; 0; 0; 0; 0; 0; 0; 9; 9; 9; 9; 0; 0; 0; 0; 0; 0; 0; 0; 0; 0; 0; 0];
schedule_f_t_n(:,:,8) = [0; 0; 0; 0; 0; 0; 0; 0; 0; 0; 0; 0; 0; 0; 0; 0; 0; 0; 0; 0; 0; 0; 0; 0; 0; 0; 0; 0; 0; 0; 0; 0; 0; 0; 0; 0; 0; 0; 50; 50; 50; 50; 56; 56; 56; 56; 56; 0; 0; 0];
schedule_f_t_n(:,:,9) = [0; 0; 0; 0; 0; 56; 56; 56; 56; 56; 56; 36; 28; 0; 0; 0; 0; 0; 0; 0; 0; 0; 0; 0; 0; 0; 0; 0; 0; 0; 0; 0; 0; 0; 0; 0; 0; 0; 0; 0; 0; 0; 0; 0; 0; 0; 0; 0; 0; 0];
schedule_f_t_n(:,:,10) = [56; 56; 56; 56; 56; 0; 0; 0; 0; 0; 0; 0; 8; 36; 36; 36; 36; 36; 36; 36; 36; 36; 36; 36; 36; 36; 56; 56; 12; 0; 0; 0; 0; 0; 0; 0; 0; 0; 0; 0; 0; 0; 0; 0; 0; 0; 0; 0; 0; 0];
schedule_f_t_n(:,:,11) = [0; 0; 0; 0; 0; 0; 0; 0; 0; 0; 0; 0; 0; 0; 0; 0; 0; 0; 0; 0; 0; 0; 0; 0; 0; 0; 0; 0; 0; 0; 0; 0; 0; 0; 0; 0; 0; 0; 0; 0; 0; 0; 0; 0; 0; 0; 0; 0; 0; 0];
schedule_f_t_n(:,:,12) = [0; 0; 0; 0; 0; 0; 0; 0; 0; 0; 0; 0; 0; 0; 0; 0; 0; 0; 0; 0; 0; 0; 0; 0; 0; 0; 0; 0; 0; 0; 0; 0; 0; 0; 0; 0; 0; 0; 0; 0; 0; 0; 0; 0; 0; 0; 0; 0; 0; 0];
schedule_f_t_n(:,:,13) = [0; 0; 0; 0; 0; 0; 0; 0; 0; 0; 0; 0; 0; 0; 0; 0; 0; 0; 0; 0; 0; 0; 0; 0; 0; 0; 0; 0; 0; 0; 0; 0; 0; 0; 0; 0; 0; 0; 0; 0; 0; 0; 0; 0; 0; 0; 0; 0; 0; 0];
schedule_f_t_n(:,:,14) = [0; 0; 0; 0; 0; 0; 0; 0; 0; 0; 0; 0; 0; 0; 0; 0; 0; 0; 0; 0; 0; 0; 0; 0; 0; 0; 0; 0; 0; 0; 0; 0; 0; 0; 41; 41; 41; 41; 0; 0; 0; 0; 0; 0; 0; 0; 0; 0; 0; 0];
schedule_f_t_n(:,:,15) = [0; 0; 0; 0; 0; 0; 0; 0; 0; 0; 0; 0; 0; 0; 0; 0; 0; 0; 0; 0; 0; 0; 0; 0; 0; 0; 0; 0; 6; 6; 6; 6; 6; 6; 6; 6; 6; 6; 6; 6; 6; 6; 0; 0; 0; 0; 0; 0; 0; 0];
schedule_f_t_n(:,:,16) = [0; 0; 0; 0; 0; 0; 0; 0; 0; 0; 0; 0; 0; 0; 0; 0; 0; 0; 0; 0; 0; 0; 0; 0; 0; 0; 0; 0; 0; 0; 0; 0; 0; 0; 0; 0; 0; 0; 0; 0; 0; 0; 0; 0; 0; 0; 0; 0; 0; 0];

% cost function results
costTotal = 7072378;

% per run statistics
per_run_cost = [6818307, 4536870, 8729123, 7607142, 8383184, 7184574, 8034960, 8122329, 7645994, 8118541, 7329609, 7112608, 7503029, 8008474, 6152720, 6999082, 5818649, 6267699, 6640310, 4700491, 6898265, 6337623, 8401288, 7538727, 8228796, 8064049, 6984811, 8430193, 6653955, 6448372, 6865689, 6597737, 5218480, 7189681, 5122848, 7632280, 6994267, 5899162, 7337620, 8227725, 8521757, 5702369, 4442510, 7571950, 6062217, 7679735, 8453943, 7917235, 8445666, 6645514, 8086055, 6337439, 7963715, 7325078, 7407265, 7266001, 6581771, 8199558, 8706699, 7474127, 5802588, 8757487, 6985837, 5522400, 6703357, 5220336, 7021066, 6674188, 6229380, 5491959, 8683623, 7869268, 7926144, 7669416, 6050366, 4947587, 6325373, 5560769, 7762605, 7719641, 6746247, 7833385, 7737228, 6882249, 7529613, 6420794, 5732678, 6572903, 7283698, 8740525, 5685238, 8455055, 6570541, 8290446, 7561862, 6154176, 7711293, 6795482, 7757965, 8060039, 8591403, 7810896, 8119599, 7535430, 8080968, 7887735, 7197580, 7690633, 8605299, 6798822, 7010495, 6877871, 7409260, 7196869, 7667978, 7818477, 6733260, 7231710, 8085955, 8519245, 8497367, 6253076, 7217502, 5015277, 6635697, 6186845, 7968543, 8084933, 8275076, 6311475, 8137288, 8450428, 5249685, 8040361, 7717357, 7371306, 4528455, 6166240, 8602818, 4919155, 6125311, 5430554, 8122261, 8161321, 7246514, 4453064, 7133348, 7960961, 5494954, 5820584, 6841653, 7348033, 8133549, 5671470, 8455129, 7055080, 8065225, 7379786, 8657565, 8407232, 5759459, 5688519, 6665297, 6921977, 8150889, 7770475, 6185652, 7623723, 5311938, 6398481, 5258208, 7363760, 5934124, 5877095, 8025193, 7767222, 6275026, 5149111, 7714643, 6972751, 8814295, 6321873, 6561367, 7140438, 7789116, 7872775, 6890583, 5721529, 7061532, 4238173, 8241149, 6324384, 6864882, 6147759, 6865804, 6885418, 6977042, 8708136, 6353794, 6399470];
per_run_duration_us = [75020, 65686, 61439, 82401, 76099, 77257, 73319, 58165, 57884, 63789, 62686, 77042, 83354, 74768, 59613, 59367, 58408, 57540, 62667, 78528, 58394, 65684, 74570, 64460, 65458, 64620, 80476, 70209, 65854, 69899, 58996, 76625, 79471, 79203, 84273, 74146, 76568, 74451, 65514, 75843, 65846, 60261, 84585, 60309, 96682, 74720, 70208, 70269, 91374, 70115, 58443, 62407, 59934, 70719, 90109, 71900, 63129, 72457, 78822, 66226, 70671, 64398, 76619, 66854, 68129, 90290, 106496, 81783, 79562, 79696, 81536, 75819, 80584, 69865, 76479, 77119, 85925, 77339, 67282, 83843, 88916, 72618, 79372, 71366, 80672, 83146, 85426, 72398, 78231, 74083, 78658, 101648, 78474, 107426, 93285, 103364, 74483, 81913, 74990, 86449, 79390, 78139, 71750, 75359, 86203, 75588, 80213, 86973, 91864, 70873, 90420, 198240, 83732, 99483, 109578, 111649, 138704, 141710, 79506, 78891, 122653, 97967, 98690, 90652, 83854, 133712, 104758, 164618, 121446, 88243, 90805, 81214, 120244, 114751, 107120, 99079, 97332, 126524, 108161, 112823, 85030, 92279, 92836, 92753, 108489, 89483, 155864, 129497, 168060, 138753, 81034, 111739, 101545, 106517, 83208, 94588, 151580, 75726, 79736, 81276, 83984, 82989, 90436, 80807, 76170, 81771, 80472, 75793, 84404, 89975, 93189, 74350, 101045, 85614, 75144, 81461, 106122, 75174, 80651, 110336, 81443, 79979, 87629, 77992, 97073, 78836, 86639, 92750, 119360, 80060, 82271, 121375, 121194, 85735, 144328, 113667, 88469, 155725, 136287, 102410];

