
% 2016-05-25 16:32:21

% my_logs\eval_4_4_3_c15\4_1_0\rep_9\Random_log.m
scheduling_duration_us = 82440;

% schedule
schedule_f_t_n(:,:,1) = [0; 0; 0; 0; 0; 0; 0; 0; 0; 0; 0; 0; 0; 0; 0; 0; 0; 0; 0; 0; 0; 0; 0; 0; 0; 0; 0; 0; 0; 0; 0; 0; 0; 0; 0; 0; 0; 0; 0; 0; 0; 0; 0; 0; 0; 0; 0; 0; 0; 0];
schedule_f_t_n(:,:,2) = [50; 50; 50; 50; 44; 0; 0; 44; 44; 44; 44; 44; 44; 44; 44; 44; 44; 44; 44; 44; 44; 44; 44; 44; 30; 30; 30; 36; 36; 28; 0; 0; 0; 0; 0; 0; 0; 0; 0; 0; 0; 0; 0; 0; 0; 0; 0; 0; 0; 0];
schedule_f_t_n(:,:,3) = [0; 0; 0; 0; 0; 0; 0; 0; 0; 0; 0; 0; 0; 0; 0; 0; 0; 0; 0; 0; 0; 0; 0; 0; 0; 0; 0; 0; 0; 0; 0; 0; 0; 0; 0; 0; 0; 0; 0; 17; 17; 17; 17; 0; 0; 0; 0; 0; 0; 0];
schedule_f_t_n(:,:,4) = [0; 0; 0; 0; 0; 50; 50; 0; 0; 0; 0; 0; 0; 0; 0; 0; 0; 0; 0; 0; 0; 0; 0; 0; 0; 0; 0; 0; 0; 0; 0; 0; 0; 0; 0; 0; 0; 0; 0; 0; 0; 0; 0; 0; 0; 0; 0; 0; 0; 0];
schedule_f_t_n(:,:,5) = [0; 0; 0; 0; 0; 0; 0; 0; 0; 0; 0; 0; 0; 0; 0; 0; 0; 0; 0; 0; 0; 0; 0; 0; 0; 0; 0; 0; 0; 8; 36; 36; 36; 36; 36; 36; 36; 36; 36; 5; 0; 0; 0; 0; 0; 0; 0; 0; 0; 0];
schedule_f_t_n(:,:,6) = [0; 0; 0; 0; 0; 0; 0; 0; 0; 0; 0; 0; 0; 0; 0; 0; 0; 0; 0; 0; 0; 0; 0; 0; 0; 0; 0; 0; 0; 0; 0; 0; 0; 0; 0; 0; 0; 0; 0; 0; 0; 0; 0; 0; 0; 0; 0; 0; 0; 0];
schedule_f_t_n(:,:,7) = [0; 0; 0; 0; 0; 0; 0; 0; 0; 0; 0; 0; 0; 0; 0; 0; 0; 0; 0; 0; 0; 0; 0; 0; 0; 0; 0; 0; 0; 0; 0; 0; 0; 0; 0; 0; 0; 0; 0; 0; 0; 0; 0; 0; 0; 0; 0; 0; 0; 0];
schedule_f_t_n(:,:,8) = [0; 0; 0; 0; 0; 0; 0; 0; 0; 0; 0; 0; 0; 0; 0; 0; 0; 0; 0; 0; 0; 0; 0; 0; 0; 0; 0; 0; 0; 0; 0; 0; 0; 0; 0; 0; 0; 0; 0; 0; 0; 0; 0; 0; 0; 0; 0; 0; 0; 0];
schedule_f_t_n(:,:,9) = [0; 0; 0; 0; 0; 0; 0; 0; 0; 0; 0; 0; 0; 0; 0; 0; 0; 0; 0; 0; 0; 0; 0; 0; 0; 0; 0; 0; 0; 0; 0; 0; 0; 0; 0; 0; 0; 0; 0; 0; 0; 0; 0; 0; 0; 0; 0; 0; 0; 0];
schedule_f_t_n(:,:,10) = [0; 0; 0; 0; 0; 0; 0; 0; 0; 0; 0; 0; 0; 0; 0; 0; 0; 0; 0; 0; 0; 0; 0; 0; 0; 0; 0; 0; 0; 0; 0; 0; 0; 0; 0; 0; 0; 0; 0; 0; 0; 0; 0; 0; 0; 0; 0; 0; 0; 0];
schedule_f_t_n(:,:,11) = [0; 0; 0; 0; 6; 0; 0; 6; 6; 6; 6; 6; 6; 6; 6; 6; 6; 6; 6; 6; 6; 6; 6; 6; 6; 6; 6; 0; 0; 0; 0; 0; 0; 0; 0; 0; 0; 0; 0; 0; 0; 0; 0; 0; 0; 0; 0; 0; 0; 0];
schedule_f_t_n(:,:,12) = [0; 0; 0; 0; 0; 0; 0; 0; 0; 0; 0; 0; 0; 0; 0; 0; 0; 0; 0; 0; 0; 0; 0; 0; 0; 0; 0; 0; 0; 0; 0; 0; 0; 0; 0; 0; 0; 0; 0; 0; 0; 0; 0; 0; 0; 0; 0; 0; 0; 0];
schedule_f_t_n(:,:,13) = [0; 0; 0; 0; 0; 0; 0; 0; 0; 0; 0; 0; 0; 0; 0; 0; 0; 0; 0; 0; 0; 0; 0; 0; 0; 0; 0; 0; 0; 0; 0; 0; 0; 0; 0; 0; 0; 0; 0; 14; 19; 19; 19; 36; 36; 0; 0; 0; 0; 0];
schedule_f_t_n(:,:,14) = [0; 0; 0; 0; 0; 0; 0; 0; 0; 0; 0; 0; 0; 0; 0; 0; 0; 0; 0; 0; 0; 0; 0; 0; 0; 0; 0; 0; 0; 0; 0; 0; 0; 0; 0; 0; 0; 0; 0; 0; 0; 0; 0; 0; 0; 0; 0; 0; 0; 0];
schedule_f_t_n(:,:,15) = [0; 0; 0; 0; 0; 0; 0; 0; 0; 0; 0; 0; 0; 0; 0; 0; 0; 0; 0; 0; 0; 0; 0; 0; 14; 14; 14; 14; 14; 14; 14; 14; 14; 14; 14; 14; 14; 14; 14; 14; 14; 14; 14; 14; 14; 0; 0; 0; 0; 0];
schedule_f_t_n(:,:,16) = [0; 0; 0; 0; 0; 0; 0; 0; 0; 0; 0; 0; 0; 0; 0; 0; 0; 0; 0; 0; 0; 0; 0; 0; 0; 0; 0; 0; 0; 0; 0; 0; 0; 0; 0; 0; 0; 0; 0; 0; 0; 0; 0; 0; 0; 0; 0; 0; 0; 0];

% cost function results
costTotal = 6760430;

% per run statistics
per_run_cost = [5526785, 6116889, 7514952, 7570859, 6844800, 6877105, 6791015, 6310725, 5958901, 6752036, 6699363, 7233122, 7059171, 7008327, 5699355, 7875626, 5277067, 6497425, 8021977, 7208138, 7036561, 6507951, 7130492, 4697668, 7613722, 5693180, 5407182, 5665738, 7337785, 7113076, 6819567, 7535002, 6308450, 7981257, 6053501, 5915869, 7517222, 6870044, 7233927, 7604565, 7212799, 6852198, 7490703, 7403616, 5970339, 6888900, 6510900, 7566003, 6608069, 7336996, 7177757, 5872138, 6902953, 7123743, 6481940, 7230765, 7721075, 6962892, 6941984, 7250339, 6779055, 7773409, 7337999, 7686132, 7081210, 7823921, 6727726, 7155032, 7185191, 6842945, 7384114, 7442630, 6974104, 6453865, 5703869, 5017089, 7246542, 7245802, 6438799, 5950932, 6537729, 5785906, 7037178, 7729175, 7957217, 7415344, 7556908, 7247469, 6777351, 6980387, 7513914, 5856688, 7696921, 6584694, 7414384, 7747298, 7423534, 6138145, 7084475, 7766897, 7639063, 6690494, 7058929, 7774690, 5513504, 6951250, 4926064, 4944033, 7265286, 5364405, 7196945, 6917184, 6037461, 7925746, 7404708, 5276940, 6986329, 7622964, 6591810, 6455484, 5765180, 5615444, 7802538, 6917276, 6766351, 6770306, 6573995, 6882329, 7368680, 5457038, 7093871, 7975869, 6573479, 7412212, 6210936, 4813029, 7016913, 7702017, 6286243, 6915056, 7604188, 6936530, 6546710, 7279820, 5012409, 5862447, 6267717, 7753302, 5206412, 7258194, 6667461, 6217252, 7753583, 6785169, 5794886, 7309445, 7935557, 6659533, 6609271, 6638942, 6393504, 6893077, 7043338, 7027227, 6851232, 6487027, 7417330, 7140606, 6553343, 5573866, 5862620, 6105403, 7168786, 5218500, 7028752, 7052611, 4899879, 6371536, 5749773, 6850324, 5709387, 5852896, 7847532, 5696997, 5885006, 6263408, 7751863, 6473410, 7146353, 7033651, 6645285, 7231190, 7938777, 5600559, 5700948, 7558501, 6292014, 6601111, 7095585, 6617509];
per_run_duration_us = [110597, 85426, 68926, 66759, 125143, 86801, 71172, 104050, 75362, 75695, 96305, 72644, 74544, 94778, 85821, 83901, 94612, 82027, 67904, 69907, 125040, 86881, 83762, 82408, 76339, 81629, 90766, 83741, 81781, 77747, 76381, 103009, 117314, 74796, 81435, 83314, 85199, 91204, 81694, 76529, 79609, 78642, 134161, 84718, 77351, 73398, 80039, 80784, 88250, 78571, 73878, 137834, 99663, 123671, 75021, 89089, 89369, 91562, 86761, 77949, 78126, 82822, 82522, 75871, 79900, 80665, 81359, 76681, 103177, 104198, 78973, 77413, 92686, 76656, 80763, 78971, 78928, 153063, 95150, 76690, 90873, 82099, 107245, 84712, 84117, 73435, 77200, 71174, 80806, 82050, 71266, 74042, 92129, 85103, 74301, 78855, 86143, 76034, 76803, 72276, 78982, 95779, 66213, 119708, 81811, 66542, 71097, 67965, 68707, 73069, 74413, 85118, 72210, 75260, 74802, 83171, 84318, 72851, 68956, 79984, 77141, 91447, 76721, 90299, 71871, 101151, 74227, 76164, 75021, 88664, 77333, 72354, 69147, 73276, 67825, 71384, 66525, 69106, 67784, 70483, 70394, 119771, 91294, 73396, 79641, 81395, 79223, 78994, 105830, 78155, 76569, 75367, 65285, 101516, 69191, 69277, 71378, 85253, 78023, 81205, 79440, 104229, 71932, 73776, 76624, 68332, 68765, 71699, 70662, 68336, 73398, 70425, 80104, 71529, 67447, 86932, 74923, 68165, 71455, 77457, 88457, 70743, 87168, 69477, 70605, 74320, 71261, 115823, 74105, 166409, 77364, 72806, 102910, 71247, 87048, 70431, 77079, 91490, 72796, 71789];

