% t_n_i
% time:
generate_model = 2469;
duration_to_solve_model_us = 143;
create_model = 18;
% allocatedChunks
allocatedChunks(:,:,1) = [5; 5; 5; 5; 5; 5; 5; 5; 5; 5; 5; 5; 5; 5; 5; 5; 5; 5; 5; 5; 5; 5; 5; 5; 5];
allocatedChunks(:,:,2) = [15; 2; 15; 3; 0; 0; 0; 0; 0; 0; 0; 0; 0; 0; 0; 0; 0; 0; 0; 0; 0; 0; 0; 0; 0];
allocatedChunks(:,:,3) = [0; 0; 0; 0; 0; 12; 0; 0; 0; 0; 0; 0; 0; 0; 0; 0; 0; 0; 0; 0; 0; 0; 0; 0; 0];
allocatedChunks(:,:,4) = [0; 0; 0; 0; 0; 0; 0; 0; 15; 15; 15; 15; 15; 15; 0; 15; 15; 15; 15; 15; 15; 15; 15; 15; 0];
allocatedChunks(:,:,5) = [0; 13; 0; 0; 0; 0; 7; 15; 0; 0; 0; 0; 0; 0; 0; 0; 0; 0; 0; 0; 0; 0; 0; 0; 0];
allocatedChunks(:,:,6) = [5; 5; 5; 5; 5; 5; 5; 5; 5; 5; 5; 5; 5; 5; 5; 5; 5; 5; 5; 5; 5; 5; 5; 5; 5];
allocatedChunks(:,:,7) = [0; 0; 0; 0; 15; 3; 2; 0; 0; 0; 0; 0; 0; 0; 15; 0; 0; 0; 0; 0; 0; 0; 0; 0; 0];
allocatedChunks(:,:,8) = [0; 0; 0; 12; 0; 0; 0; 0; 0; 0; 0; 0; 0; 0; 0; 0; 0; 0; 0; 0; 0; 0; 0; 0; 0];
% non_allocated
non_allocated = [30, 0, 0, 0, 0, 30, 0, 0];
% dl_vio
dl_vio = [0, 0, 0, 0, 0, 0, 0, 0];
% st_vio
st_vio = [0, 0, 0, 0, 0, 50750, 0, 0];
% vioThroughput
vioThroughput = [0, 0, 0, 0, 0, 0, 0, 0];
% non_allo_vio
non_allo_vio = [1680, 0, 0, 0, 0, 1680, 0, 0];
% nChunks
nChunks = [155, 35, 12, 225, 35, 155, 35, 12];
% prefStartTime
prefStartTime = [0, 3, 0, 9, 12, 15, 18, 0];
% deadline
deadline = [31, 4, 100000, 24, 13, 46, 19, 100000];
% availBW
availBW = [25, 25, 25, 25, 25, 25, 25, 25, 25, 25, 25, 25, 25, 25, 25, 25, 25, 25, 25, 25, 25, 25, 25, 25, 25];

