
% 2015-10-17 01:04:25

% my_logs\longTest1\0_0_1\rep_28\random_log.m
scheduling_duration_us = 1950;

% schedule
schedule_f_t_n(:,:,1) = [6, 0; 6, 0; 6, 0; 6, 0; 0, 6; 0, 6; 0, 6; 0, 6; 6, 0; 6, 0; 6, 0; 0, 6; 0, 6; 6, 0; 0, 6; 6, 0; 6, 0; 6, 0; 6, 0; 6, 0; 6, 0; 6, 0; 6, 0; 6, 0; 0, 0];

% cost function results
costTotal = 451893;

