
% 2015-10-17 23:13:04

% my_logs\longTest1\0_3_1\rep_21\priority_log.m
scheduling_duration_us = 65402;

% schedule
schedule_f_t_n(:,:,1) = [6, 0; 6, 0; 6, 0; 6, 0; 6, 0; 6, 0; 6, 0; 6, 0; 6, 0; 6, 0; 6, 0; 6, 0; 6, 0; 6, 0; 6, 0; 6, 0; 6, 0; 6, 0; 6, 0; 6, 0; 6, 0; 6, 0; 6, 0; 6, 0; 6, 0; 6, 0; 6, 0; 6, 0; 6, 0; 6, 0; 6, 0; 6, 0; 6, 0; 6, 0; 6, 0; 6, 0; 6, 0; 6, 0; 6, 0; 6, 0; 6, 0; 6, 0; 6, 0; 6, 0; 6, 0; 6, 0; 6, 0; 6, 0; 6, 0; 6, 0; 6, 0; 6, 0; 6, 0; 6, 0; 6, 0; 6, 0; 6, 0; 6, 0; 6, 0; 6, 0; 6, 0; 6, 0; 6, 0; 6, 0; 6, 0; 6, 0; 6, 0; 6, 0; 6, 0; 6, 0; 6, 0; 6, 0; 6, 0; 6, 0; 6, 0; 6, 0; 6, 0; 6, 0; 6, 0; 6, 0; 6, 0; 6, 0; 6, 0; 6, 0; 6, 0; 6, 0; 6, 0; 6, 0; 6, 0; 6, 0; 6, 0; 6, 0; 6, 0; 6, 0; 6, 0; 6, 0; 6, 0; 6, 0; 6, 0; 6, 0; 6, 0; 6, 0; 6, 0; 6, 0; 6, 0; 6, 0; 6, 0; 6, 0; 6, 0; 6, 0; 6, 0; 6, 0; 0, 0; 0, 0; 0, 0; 0, 0; 0, 0; 0, 0; 0, 0; 0, 0; 0, 0; 0, 0; 0, 0; 0, 0; 0, 0; 0, 0; 0, 0; 0, 0; 0, 0; 0, 0; 0, 0; 0, 0; 0, 0; 0, 0; 0, 0; 0, 0; 0, 0; 0, 0; 0, 0; 0, 0; 0, 0; 0, 0; 0, 0; 0, 0; 0, 0; 0, 0; 0, 0; 0, 0; 0, 0; 0, 0; 0, 0; 0, 0; 0, 0; 0, 0; 0, 0; 0, 0; 0, 0; 0, 0; 0, 0; 0, 0; 0, 0; 0, 0; 0, 0; 0, 0; 0, 0; 0, 0; 0, 0; 0, 0; 0, 0; 0, 0; 0, 0; 0, 0; 0, 0; 0, 0; 0, 0; 0, 0; 0, 0; 0, 0; 0, 0; 0, 0; 0, 0; 0, 0; 0, 0; 0, 0; 0, 0; 0, 0; 0, 0; 0, 0; 0, 0; 0, 0; 0, 0; 0, 0; 0, 0; 0, 0; 0, 0; 0, 0; 0, 0; 0, 0; 0, 0; 0, 0];

% cost function results
vioSt = [0];
vioDl = [0];
vioNon = [0];
vioTpMin = [0, 0, 0, 0, 0, 0, 0, 0, 0, 0, 0, 0, 0, 0, 0, 0, 0, 0, 0, 0, 0, 0, 0, 0, 0, 0, 0, 0, 0, 0, 0, 0, 0, 0, 0, 0, 0, 0, 0, 0, 0, 0, 0, 0, 0, 0, 0, 0, 0, 0, 0, 0, 0, 0, 0, 0, 0, 0, 0, 0, 0, 0, 0, 0, 0, 0, 0, 0, 0, 0, 0, 0, 0, 0, 0, 0, 0, 0, 0, 0, 0, 0, 0, 0, 0, 0, 0, 0, 0, 0, 0, 0, 0, 0, 0, 0, 0, 0, 0, 0, 0, 0, 0, 0, 0, 0, 0, 0, 0, 0, 0, 0, 5, 5, 5, 5, 5, 5, 5, 5, 5, 5, 5, 5, 5, 5, 5, 5, 5, 5, 5, 5, 5, 5, 5, 5, 5, 5, 5, 5, 5, 5, 5, 5, 5, 5, 5, 5, 5, 5, 5, 5, 5, 5, 5, 5, 5, 5, 5, 5, 5, 5, 5, 5, 5, 5, 5, 5, 0, 0, 0, 0, 0, 0, 0, 0, 0, 0, 0, 0, 0, 0, 0, 0, 0, 0, 0, 0, 0, 0, 0, 0, 0, 0, 0, 0, 0, 0, 0, 0];
vioTp = [28000];
vioLcy = [75264];
vioJit = [48384];
cost_vio = 1213184;
cost_switches = 0;
cost_ch = 8064;
costTotal = 1221248;

% priority
% 
% ############### Network 0 ##############
% F0	|[0]6	|6	|6	|6	|6	|6	|6	|6	|6	|6	|[10]6	|6	|6	|6	|6	|6	|6	|6	|6	|6	|[20]6	|6	|6	|6	|6	|6	|6	|6	|6	|6	|[30]6	|6	|6	|6	|6	|6	|6	|6	|6	|6	|[40]6	|6	|6	|6	|6	|6	|6	|6	|6	|6	|[50]6	|6	|6	|6	|6	|6	|6	|6	|6	|6	|[60]6	|6	|6	|6	|6	|6	|6	|6	|6	|6	|[70]6	|6	|6	|6	|6	|6	|6	|6	|6	|6	|[80]6	|6	|6	|6	|6	|6	|6	|6	|6	|6	|[90]6	|6	|6	|6	|6	|6	|6	|6	|6	|6	|[100]6	|6	|6	|6	|6	|6	|6	|6	|6	|6	|[110]6	|6	|	|	|	|	|	|	|	|	|[120]	|	|	|	|	|	|	|	|	|	|[130]	|	|	|	|	|	|	|	|	|	|[140]	|	|	|	|	|	|	|	|	|	|[150]	|	|	|	|	|	|	|	|	|	|[160]	|	|	|	|	|	|	|	|	|	|[170]	|	|	|	|	|	|	|	|	|	|[180]	|	|	|	|	|	|	|	|	|	|[190]	|	|	|	|	|	|	|	|	|	|
% ############### Network 1 ##############

