% t_n_i
% time:
generate_model = 2625;
duration_to_solve_model_us = 164;
create_model = 24;
% allocatedChunks
allocatedChunks(:,:,1) = [5; 5; 5; 5; 5; 5; 5; 5; 5; 5; 5; 5; 5; 5; 5; 5; 5; 5; 5; 5; 5; 5; 5; 5; 5; 5; 5; 5; 5; 5; 5; 5; 5; 0; 0; 0; 0; 0; 0; 0; 0; 0; 0; 0; 0; 0; 0; 0; 0; 0];
allocatedChunks(:,:,2) = [0; 0; 0; 0; 0; 0; 0; 0; 0; 0; 0; 0; 0; 0; 5; 0; 16; 16; 0; 0; 0; 0; 0; 0; 0; 0; 0; 0; 0; 0; 0; 0; 0; 0; 0; 0; 0; 0; 0; 0; 0; 0; 0; 0; 0; 0; 0; 0; 0; 0];
% non_allocated
non_allocated = [0, 0];
% dl_vio
dl_vio = [0, 0];
% st_vio
st_vio = [0, 0];
% vioThroughput
vioThroughput = [850000, 0];
% non_allo_vio
non_allo_vio = [0, 0];
% nChunks
nChunks = [165, 37];
% prefStartTime
prefStartTime = [0, 25];
% deadline
deadline = [33, 26];
% availBW
availBW = [21, 21, 21, 21, 21, 21, 21, 21, 21, 21, 21, 21, 21, 21, 21, 21, 21, 21, 21, 21, 21, 21, 21, 21, 21, 21, 21, 21, 21, 21, 21, 21, 21, 21, 21, 21, 21, 21, 21, 21, 21, 21, 21, 21, 21, 21, 21, 21, 21, 21];

