% t_n_i
% time:
generate_model = 2979;
duration_to_solve_model_us = 154;
create_model = 16;
% allocatedChunks
allocatedChunks(:,:,1) = [5, 0, 0, 0; 5, 0, 0, 0; 5, 0, 0, 0; 5, 0, 0, 0; 5, 0, 0, 0; 5, 0, 0, 0; 5, 0, 0, 0; 5, 0, 0, 0; 0, 5, 0, 0; 0, 5, 0, 0; 0, 5, 0, 0; 0, 5, 0, 0; 0, 5, 0, 0; 0, 5, 0, 0; 0, 5, 0, 0; 0, 5, 0, 0; 0, 5, 0, 0; 0, 5, 0, 0; 0, 0, 5, 0; 0, 0, 0, 5; 5, 0, 0, 0; 5, 0, 0, 0; 5, 0, 0, 0; 5, 0, 0, 0; 5, 0, 0, 0];
% non_allocated
non_allocated = [55];
% dl_vio
dl_vio = [0];
% st_vio
st_vio = [0];
% vioThroughput
vioThroughput = [0];
% non_allo_vio
non_allo_vio = [3080];
% nChunks
nChunks = [180];
% prefStartTime
prefStartTime = [0];
% deadline
deadline = [36];
% availBW
availBW = [33, 33, 33, 33, 33, 33, 33, 33, 33, 33, 33, 33, 33, 33, 33, 33, 33, 33, 33, 33, 33, 33, 33, 33, 33; 0, 0, 0, 0, 0, 0, 0, 0, 25, 50, 75, 75, 75, 75, 75, 75, 50, 25, 0, 0, 0, 0, 0, 0, 0; 0, 0, 0, 0, 0, 0, 0, 0, 0, 0, 0, 0, 21, 43, 43, 43, 43, 43, 21, 0, 0, 0, 0, 0, 0; 0, 0, 0, 0, 0, 0, 0, 0, 0, 12, 24, 36, 36, 36, 36, 36, 36, 36, 24, 12, 0, 0, 0, 0, 0];

