% t_n_i
% time:
generate_model = 2133;
duration_to_solve_model_us = 105;
create_model = 21;
% allocatedChunks
allocatedChunks(:,:,1) = [5; 5; 5; 5; 5; 5; 5; 5; 5; 5; 5; 5; 5; 5; 5; 5; 5; 5; 5; 5; 5; 5; 5; 5; 5];
allocatedChunks(:,:,2) = [16; 15; 0; 4; 0; 0; 0; 0; 0; 0; 0; 0; 0; 0; 0; 0; 0; 0; 0; 0; 0; 0; 0; 0; 0];
allocatedChunks(:,:,3) = [0; 0; 0; 0; 0; 0; 0; 0; 0; 0; 0; 0; 0; 0; 0; 0; 0; 0; 0; 0; 0; 0; 0; 0; 12];
allocatedChunks(:,:,4) = [0; 0; 0; 0; 0; 0; 0; 0; 16; 11; 16; 16; 16; 16; 16; 16; 16; 0; 16; 16; 6; 16; 16; 16; 0];
allocatedChunks(:,:,5) = [0; 1; 0; 0; 13; 0; 0; 16; 0; 5; 0; 0; 0; 0; 0; 0; 0; 0; 0; 0; 0; 0; 0; 0; 0];
allocatedChunks(:,:,6) = [5; 5; 5; 5; 5; 5; 5; 5; 5; 5; 5; 5; 5; 5; 5; 5; 5; 5; 5; 5; 5; 5; 5; 5; 5];
allocatedChunks(:,:,7) = [0; 0; 16; 0; 3; 16; 0; 0; 0; 0; 0; 0; 0; 0; 0; 0; 0; 0; 0; 0; 0; 0; 0; 0; 0];
allocatedChunks(:,:,8) = [0; 0; 0; 12; 0; 0; 0; 0; 0; 0; 0; 0; 0; 0; 0; 0; 0; 0; 0; 0; 0; 0; 0; 0; 0];
% non_allocated
non_allocated = [35, 0, 0, 0, 0, 25, 0, 0];
% dl_vio
dl_vio = [0, 0, 0, 0, 0, 0, 0, 0];
% st_vio
st_vio = [0, 0, 0, 0, 0, 50750, 0, 0];
% vioThroughput
vioThroughput = [0, 0, 0, 0, 0, 0, 0, 0];
% non_allo_vio
non_allo_vio = [1960, 0, 0, 0, 0, 1400, 0, 0];
% nChunks
nChunks = [160, 35, 12, 225, 35, 150, 35, 12];
% prefStartTime
prefStartTime = [0, 3, 0, 9, 12, 15, 18, 0];
% deadline
deadline = [32, 4, 100000, 24, 13, 45, 19, 100000];
% availBW
availBW = [26, 26, 26, 26, 26, 26, 26, 26, 26, 26, 26, 26, 26, 26, 26, 26, 26, 26, 26, 26, 26, 26, 26, 26, 26];

