% t_n_i
% time:
generate_model = 2588;
duration_to_solve_model_us = 163;
create_model = 27;
% allocatedChunks
allocatedChunks(:,:,1) = [5; 5; 5; 5; 5; 5; 5; 5; 5; 5; 5; 5; 5; 5; 5; 5; 5; 5; 5; 5; 5; 5; 5; 5; 5; 5; 5; 5; 5; 5; 5; 5; 5; 5; 5; 5; 5; 5; 5; 5; 5; 0; 0; 0; 0; 0; 0; 0; 0; 0];
allocatedChunks(:,:,2) = [0; 0; 0; 0; 0; 0; 0; 0; 0; 0; 0; 0; 0; 0; 0; 0; 13; 24; 0; 0; 0; 0; 0; 0; 0; 0; 0; 0; 0; 0; 0; 0; 0; 0; 0; 0; 0; 0; 0; 0; 0; 0; 0; 0; 0; 0; 0; 0; 0; 0];
% non_allocated
non_allocated = [0, 0];
% dl_vio
dl_vio = [0, 0];
% st_vio
st_vio = [0, 0];
% vioThroughput
vioThroughput = [450000, 0];
% non_allo_vio
non_allo_vio = [0, 0];
% nChunks
nChunks = [205, 37];
% prefStartTime
prefStartTime = [0, 25];
% deadline
deadline = [41, 26];
% availBW
availBW = [29, 29, 29, 29, 29, 29, 29, 29, 29, 29, 29, 29, 29, 29, 29, 29, 29, 29, 29, 29, 29, 29, 29, 29, 29, 29, 29, 29, 29, 29, 29, 29, 29, 29, 29, 29, 29, 29, 29, 29, 29, 29, 29, 29, 29, 29, 29, 29, 29, 29];

