
% 2015-10-17 01:04:34

% my_logs\longTest1\1_0_1\rep_27\priorityMatch_log.m
scheduling_duration_us = 3347;

% schedule
schedule_f_t_n(:,:,1) = [5, 0; 5, 0; 5, 0; 5, 0; 5, 0; 0, 5; 0, 5; 0, 5; 0, 5; 0, 5; 0, 5; 0, 5; 0, 5; 0, 5; 0, 5; 0, 5; 5, 0; 5, 0; 5, 0; 5, 0; 5, 0; 5, 0; 5, 0; 5, 0; 5, 0];
schedule_f_t_n(:,:,2) = [0, 0; 0, 0; 0, 0; 0, 0; 0, 0; 0, 18; 0, 7; 0, 0; 0, 0; 0, 0; 0, 0; 0, 0; 0, 0; 0, 0; 0, 0; 0, 0; 0, 0; 0, 0; 0, 0; 0, 0; 0, 0; 0, 0; 0, 0; 0, 0; 0, 0];

% cost function results
vioSt = [0, 0];
vioDl = [50, 0];
vioNon = [2160, 0];
vioTpMin = [0, 0, 0, 0, 0, 0, 0, 0, 0, 0, 0, 0, 0, 0, 0, 0, 0, 0, 0, 0, 0, 0, 0, 0, 0; 0, 0, 0, 0, 0, 0, 0, 0, 0, 0, 0, 0, 0, 0, 0, 0, 0, 0, 0, 0, 0, 0, 0, 0, 0];
vioTp = [0, 0];
vioLcy = [24010, 0];
vioJit = [10250, 0];
cost_vio = 328230;
cost_switches = 400;
cost_ch = 930;
costTotal = 329560;

% priorityMatch
% 
% ############### Network 0 ##############
% F0	|[0]5	|5	|5	|5	|5	|	|	|	|	|	|[10]	|	|	|	|	|	|5	|5	|5	|5	|[20]5	|5	|5	|5	|5	|
% ############### Network 1 ##############
% F0	|[0]	|	|	|	|	|5	|5	|5	|5	|5	|[10]5	|5	|5	|5	|5	|5	|	|	|	|	|[20]	|	|	|	|	|
% F1	|[0]	|	|	|	|	|18	|7	|	|	|	|[10]	|	|	|	|	|	|	|	|	|	|[20]	|	|	|	|	|

