
% 2015-10-17 01:04:27

% my_logs\longTest1\1_0_1\rep_5\priority_log.m
scheduling_duration_us = 2657;

% schedule
schedule_f_t_n(:,:,1) = [5, 0; 5, 0; 5, 0; 5, 0; 5, 0; 5, 0; 5, 0; 5, 0; 5, 0; 5, 0; 5, 0; 0, 5; 0, 5; 0, 5; 0, 5; 0, 5; 0, 5; 0, 5; 0, 5; 0, 5; 0, 5; 5, 0; 5, 0; 0, 0; 0, 0];
schedule_f_t_n(:,:,2) = [0, 0; 0, 0; 0, 0; 0, 0; 0, 0; 0, 0; 0, 0; 0, 0; 0, 0; 0, 0; 0, 0; 0, 0; 24, 0; 0, 0; 0, 0; 0, 0; 0, 0; 0, 0; 0, 0; 0, 0; 0, 0; 0, 0; 0, 0; 0, 0; 0, 0];

% cost function results
vioSt = [0, 0];
vioDl = [0, 0];
vioNon = [0, 117];
vioTpMin = [0, 0, 0, 0, 0, 0, 0, 0, 0, 0, 0, 0, 0, 0, 0, 0, 0, 0, 0, 0, 0, 0, 0, 0, 0; 0, 0, 0, 0, 0, 0, 0, 0, 0, 0, 0, 0, 0, 0, 0, 0, 0, 0, 0, 0, 0, 0, 0, 0, 0];
vioTp = [0, 0];
vioLcy = [16730, 0];
vioJit = [23000, 0];
cost_vio = 398353;
cost_switches = 400;
cost_ch = 1307;
costTotal = 400060;

% priority
% 
% ############### Network 0 ##############
% F0	|[0]5	|5	|5	|5	|5	|5	|5	|5	|5	|5	|[10]5	|	|	|	|	|	|	|	|	|	|[20]	|5	|5	|	|	|
% F1	|[0]	|	|	|	|	|	|	|	|	|	|[10]	|	|24	|	|	|	|	|	|	|	|[20]	|	|	|	|	|
% ############### Network 1 ##############
% F0	|[0]	|	|	|	|	|	|	|	|	|	|[10]	|5	|5	|5	|5	|5	|5	|5	|5	|5	|[20]5	|	|	|	|	|

