
% 2015-10-17 01:29:33

% my_logs\longTest1\0_1_2\rep_18\optimization_log.m
scheduling_duration_us = 390348;

% schedule
schedule_f_t_n(:,:,1) = [0, 0, 0, 0; 0, 0, 0, 0; 0, 0, 0, 0; 0, 0, 0, 0; 0, 0, 0, 0; 0, 0, 0, 0; 0, 0, 0, 0; 0, 0, 0, 0; 0, 0, 0, 0; 0, 0, 0, 0; 0, 4, 0, 0; 0, 4, 0, 0; 0, 4, 0, 0; 0, 4, 0, 0; 0, 4, 0, 0; 0, 4, 0, 0; 0, 4, 0, 0; 0, 4, 0, 0; 0, 4, 0, 0; 0, 4, 0, 0; 0, 4, 0, 0; 0, 4, 0, 0; 0, 4, 0, 0; 0, 4, 0, 0; 0, 0, 0, 0; 0, 0, 0, 0; 0, 0, 0, 0; 0, 0, 0, 0; 0, 0, 0, 0; 0, 0, 0, 0; 0, 0, 0, 0; 0, 0, 0, 0; 0, 0, 0, 0; 0, 0, 0, 0; 0, 0, 0, 0; 0, 0, 0, 0; 0, 0, 0, 0; 0, 0, 0, 0; 0, 0, 0, 4; 0, 0, 0, 4; 0, 0, 0, 4; 0, 0, 0, 4; 0, 0, 0, 4; 0, 0, 0, 4; 0, 0, 0, 4; 0, 0, 0, 0; 0, 0, 0, 0; 0, 0, 0, 0; 0, 0, 0, 0; 0, 0, 0, 0];

% cost function results
vioSt = [0];
vioDl = [0];
vioNon = [18216];
vioTpMin = [4, 4, 4, 4, 4, 4, 4, 4, 4, 4, 0, 0, 0, 0, 0, 0, 0, 0, 0, 0, 0, 0, 0, 0, 4, 4, 4, 4, 4, 4, 4, 4, 4, 4, 4, 4, 4, 4, 0, 0, 0, 0, 0, 0, 0, 4, 4, 4, 4, 0];
vioTp = [11200];
vioLcy = [672];
vioJit = [10752];
cost_vio = 449240;
cost_switches = 200;
cost_ch = 308;
costTotal = 449748;

% optimization
% 
% ############### Network 0 ##############
% ############### Network 1 ##############
% F0	|[0]	|	|	|	|	|	|	|	|	|	|[10]4	|4	|4	|4	|4	|4	|4	|4	|4	|4	|[20]4	|4	|4	|4	|	|	|	|	|	|	|[30]	|	|	|	|	|	|	|	|	|	|[40]	|	|	|	|	|	|	|	|	|	|
% ############### Network 2 ##############
% ############### Network 3 ##############
% F0	|[0]	|	|	|	|	|	|	|	|	|	|[10]	|	|	|	|	|	|	|	|	|	|[20]	|	|	|	|	|	|	|	|	|	|[30]	|	|	|	|	|	|	|	|4	|4	|[40]4	|4	|4	|4	|4	|	|	|	|	|	|

