
% 2015-10-17 01:20:00

% my_logs\longTest1\0_1_0\rep_10\priorityMatch_log.m
scheduling_duration_us = 6804;

% schedule
schedule_f_t_n(:,:,1) = [5; 5; 5; 5; 5; 5; 5; 5; 5; 5; 5; 5; 5; 5; 5; 5; 5; 5; 5; 5; 5; 5; 5; 5; 5; 5; 5; 5; 5; 5; 5; 5; 5; 5; 5; 5; 5; 5; 5; 5; 5; 5; 5; 5; 5; 5; 5; 5; 5; 5];

% cost function results
vioSt = [0];
vioDl = [50];
vioNon = [10890];
vioTpMin = [0, 0, 0, 0, 0, 0, 0, 0, 0, 0, 0, 0, 0, 0, 0, 0, 0, 0, 0, 0, 0, 0, 0, 0, 0, 0, 0, 0, 0, 0, 0, 0, 0, 0, 0, 0, 0, 0, 0, 0, 0, 0, 0, 0, 0, 0, 0, 0, 0, 0];
vioTp = [0];
vioLcy = [13500];
vioJit = [8000];
cost_vio = 356840;
cost_switches = 0;
cost_ch = 3000;
costTotal = 359840;

% priorityMatch
% 
% ############### Network 0 ##############
% F0	|[0]5	|5	|5	|5	|5	|5	|5	|5	|5	|5	|[10]5	|5	|5	|5	|5	|5	|5	|5	|5	|5	|[20]5	|5	|5	|5	|5	|5	|5	|5	|5	|5	|[30]5	|5	|5	|5	|5	|5	|5	|5	|5	|5	|[40]5	|5	|5	|5	|5	|5	|5	|5	|5	|5	|

