
% 2015-10-17 01:04:29

% my_logs\longTest1\1_0_1\rep_12\priority_log.m
scheduling_duration_us = 2260;

% schedule
schedule_f_t_n(:,:,1) = [5, 0; 5, 0; 5, 0; 0, 5; 0, 5; 0, 5; 0, 5; 0, 5; 0, 5; 0, 5; 0, 5; 0, 5; 0, 5; 5, 0; 5, 0; 5, 0; 5, 0; 5, 0; 5, 0; 5, 0; 5, 0; 0, 0; 0, 0; 0, 0; 0, 0];
schedule_f_t_n(:,:,2) = [0, 0; 0, 0; 0, 0; 0, 0; 0, 0; 0, 0; 0, 0; 0, 0; 0, 0; 0, 0; 0, 0; 0, 0; 0, 0; 0, 0; 0, 0; 0, 0; 0, 0; 0, 0; 0, 0; 0, 0; 0, 0; 0, 0; 0, 0; 0, 0; 0, 0];

% cost function results
vioSt = [0, 0];
vioDl = [0, 0];
vioNon = [0, 4500];
vioTpMin = [0, 0, 0, 0, 0, 0, 0, 0, 0, 0, 0, 0, 0, 0, 0, 0, 0, 0, 0, 0, 0, 0, 0, 0, 0; 0, 0, 0, 0, 0, 0, 0, 0, 0, 0, 0, 0, 0, 0, 0, 0, 0, 0, 0, 0, 0, 0, 0, 0, 0];
vioTp = [0, 0];
vioLcy = [8250, 0];
vioJit = [12780, 0];
cost_vio = 234270;
cost_switches = 400;
cost_ch = 595;
costTotal = 235265;

% priority
% 
% ############### Network 0 ##############
% F0	|[0]5	|5	|5	|	|	|	|	|	|	|	|[10]	|	|	|5	|5	|5	|5	|5	|5	|5	|[20]5	|	|	|	|	|
% ############### Network 1 ##############
% F0	|[0]	|	|	|5	|5	|5	|5	|5	|5	|5	|[10]5	|5	|5	|	|	|	|	|	|	|	|[20]	|	|	|	|	|

