% t_n_i
% time:
generate_model = 3708;
duration_to_solve_model_us = 147;
create_model = 24;
% allocatedChunks
allocatedChunks(:,:,1) = [5, 0; 5, 0; 5, 0; 5, 0; 5, 0; 5, 0; 5, 0; 5, 0; 5, 0; 5, 0; 0, 5; 0, 5; 0, 5; 0, 5; 0, 5; 0, 5; 0, 5; 0, 5; 0, 5; 0, 5; 5, 0; 5, 0; 5, 0; 5, 0; 5, 0];
allocatedChunks(:,:,2) = [7, 0; 0, 0; 0, 0; 0, 0; 28, 0; 0, 0; 0, 0; 0, 0; 0, 0; 0, 0; 0, 0; 0, 0; 0, 0; 0, 0; 0, 0; 0, 0; 0, 0; 0, 0; 0, 0; 0, 0; 0, 0; 0, 0; 0, 0; 0, 0; 0, 0];
allocatedChunks(:,:,3) = [0, 0; 0, 0; 0, 0; 0, 0; 0, 0; 0, 0; 0, 0; 0, 0; 0, 0; 0, 0; 0, 0; 0, 0; 0, 12; 0, 0; 0, 0; 0, 0; 0, 0; 0, 0; 0, 0; 0, 0; 0, 0; 0, 0; 0, 0; 0, 0; 0, 0];
allocatedChunks(:,:,4) = [0, 0; 0, 0; 0, 0; 0, 0; 0, 0; 0, 0; 0, 0; 0, 0; 0, 0; 0, 0; 0, 0; 0, 0; 0, 0; 0, 0; 0, 22; 0, 70; 0, 70; 0, 70; 0, 45; 33, 0; 28, 0; 28, 0; 28, 0; 28, 0; 28, 0];
% non_allocated
non_allocated = [45, 0, 0, 0];
% dl_vio
dl_vio = [0, 0, 0, 0];
% st_vio
st_vio = [0, 0, 0, 1096];
% vioThroughput
vioThroughput = [0, 0, 0, 0];
% non_allo_vio
non_allo_vio = [2520, 0, 0, 0];
% nChunks
nChunks = [170, 35, 12, 450];
% prefStartTime
prefStartTime = [0, 6, 0, 18];
% deadline
deadline = [34, 7, 100000, 48];
% availBW
availBW = [33, 33, 33, 33, 33, 33, 33, 33, 33, 33, 33, 33, 33, 33, 33, 33, 33, 33, 33, 33, 33, 33, 33, 33, 33; 0, 0, 0, 0, 0, 0, 0, 0, 0, 0, 25, 50, 75, 75, 75, 75, 75, 75, 50, 25, 0, 0, 0, 0, 0];

