
% 2015-10-17 01:03:48

% my_logs\longTest1\2_0_0\rep_11\optimization_log.m
scheduling_duration_us = 130042;

% schedule
schedule_f_t_n(:,:,1) = [0; 0; 0; 0; 0; 0; 0; 0; 0; 0; 0; 0; 0; 0; 0; 0; 0; 0; 0; 0; 0; 0; 0; 0; 0];
schedule_f_t_n(:,:,2) = [0; 0; 0; 0; 25; 0; 0; 0; 0; 0; 0; 0; 0; 0; 0; 0; 0; 0; 0; 0; 0; 0; 0; 0; 0];
schedule_f_t_n(:,:,3) = [0; 0; 0; 0; 0; 0; 0; 0; 0; 17; 0; 0; 0; 0; 0; 0; 0; 0; 0; 0; 0; 0; 0; 0; 0];
schedule_f_t_n(:,:,4) = [0; 0; 0; 0; 0; 0; 0; 0; 0; 0; 27; 27; 27; 27; 27; 27; 27; 27; 27; 27; 27; 27; 27; 27; 27];

% cost function results
vioSt = [0, 0, 0, 3780];
vioDl = [0, 0, 0, 216];
vioNon = [8470, 0, 0, 7506];
vioTpMin = [5, 5, 5, 5, 5, 5, 5, 5, 5, 5, 5, 5, 5, 5, 5, 5, 5, 5, 5, 5, 5, 5, 0, 0, 0; 0, 0, 0, 0, 0, 0, 0, 0, 0, 0, 0, 0, 0, 0, 0, 0, 0, 0, 0, 0, 0, 0, 0, 0, 0; 0, 0, 0, 0, 0, 0, 0, 0, 0, 0, 0, 0, 0, 0, 0, 0, 0, 0, 0, 0, 0, 0, 0, 0, 0; 0, 0, 0, 0, 0, 0, 0, 0, 0, 0, 0, 0, 0, 0, 0, 0, 0, 0, 0, 0, 0, 0, 0, 0, 0];
vioTp = [11000, 0, 0, 0];
vioLcy = [0, 0, 0, 0];
vioJit = [0, 0, 0, 0];
cost_vio = 317688;
cost_switches = 0;
cost_ch = 3576;
costTotal = 321264;

% optimization
% 
% ############### Network 0 ##############
% F1	|[0]	|	|	|	|25	|	|	|	|	|	|[10]	|	|	|	|	|	|	|	|	|	|[20]	|	|	|	|	|
% F2	|[0]	|	|	|	|	|	|	|	|	|17	|[10]	|	|	|	|	|	|	|	|	|	|[20]	|	|	|	|	|
% F3	|[0]	|	|	|	|	|	|	|	|	|	|[10]27	|27	|27	|27	|27	|27	|27	|27	|27	|27	|[20]27	|27	|27	|27	|27	|

