% t_n_i
% time:
generate_model = 4000;
duration_to_solve_model_us = 286;
create_model = 18;
% allocatedChunks
allocatedChunks(:,:,1) = [5, 0; 5, 0; 5, 0; 5, 0; 5, 0; 5, 0; 5, 0; 0, 5; 0, 5; 0, 5; 0, 5; 0, 5; 0, 5; 0, 5; 0, 5; 0, 5; 0, 5; 5, 0; 5, 0; 5, 0; 5, 0; 5, 0; 5, 0; 5, 0; 5, 0];
allocatedChunks(:,:,2) = [0, 0; 0, 0; 0, 0; 29, 0; 6, 0; 0, 0; 0, 0; 0, 0; 0, 0; 0, 0; 0, 0; 0, 0; 0, 0; 0, 0; 0, 0; 0, 0; 0, 0; 0, 0; 0, 0; 0, 0; 0, 0; 0, 0; 0, 0; 0, 0; 0, 0];
allocatedChunks(:,:,3) = [0, 0; 0, 0; 0, 0; 0, 0; 0, 0; 0, 0; 0, 0; 0, 0; 0, 0; 0, 0; 0, 12; 0, 0; 0, 0; 0, 0; 0, 0; 0, 0; 0, 0; 0, 0; 0, 0; 0, 0; 0, 0; 0, 0; 0, 0; 0, 0; 0, 0];
allocatedChunks(:,:,4) = [0, 0; 0, 0; 0, 0; 0, 0; 0, 0; 0, 0; 0, 0; 0, 0; 0, 0; 0, 0; 0, 0; 0, 0; 0, 0; 34, 0; 34, 0; 34, 0; 34, 0; 29, 0; 29, 0; 29, 0; 29, 0; 29, 0; 29, 0; 29, 0; 29, 0];
% non_allocated
non_allocated = [45, 0, 0, 82];
% dl_vio
dl_vio = [0, 0, 0, 0];
% st_vio
st_vio = [0, 0, 0, 2040];
% vioThroughput
vioThroughput = [0, 0, 0, 0];
% non_allo_vio
non_allo_vio = [2520, 0, 0, 3444];
% nChunks
nChunks = [170, 35, 12, 450];
% prefStartTime
prefStartTime = [0, 6, 0, 18];
% deadline
deadline = [34, 7, 100000, 48];
% availBW
availBW = [34, 34, 34, 34, 34, 34, 34, 34, 34, 34, 34, 34, 34, 34, 34, 34, 34, 34, 34, 34, 34, 34, 34, 34, 34; 0, 0, 0, 0, 0, 0, 0, 11, 22, 33, 33, 33, 33, 33, 33, 22, 11, 0, 0, 0, 0, 0, 0, 0, 0];

