
% 2015-10-17 01:05:38

% my_logs\longTest1\0_0_2\rep_2\random_log.m
scheduling_duration_us = 4086;

% schedule
schedule_f_t_n(:,:,1) = [6, 0, 0, 0; 6, 0, 0, 0; 6, 0, 0, 0; 6, 0, 0, 0; 6, 0, 0, 0; 6, 0, 0, 0; 6, 0, 0, 0; 6, 0, 0, 0; 0, 0, 6, 0; 0, 0, 6, 0; 6, 0, 0, 0; 0, 0, 6, 0; 0, 6, 0, 0; 0, 6, 0, 0; 0, 0, 0, 6; 0, 0, 6, 0; 0, 6, 0, 0; 0, 6, 0, 0; 6, 0, 0, 0; 0, 0, 0, 6; 0, 0, 0, 6; 6, 0, 0, 0; 6, 0, 0, 0; 6, 0, 0, 0; 0, 0, 0, 0];

% cost function results
costTotal = 431694;

