
% 2015-10-17 01:20:09

% my_logs\longTest1\0_1_0\rep_27\optimization_log.m
scheduling_duration_us = 170744;

% schedule
schedule_f_t_n(:,:,1) = [4; 4; 4; 4; 4; 4; 4; 4; 4; 4; 4; 4; 4; 4; 4; 4; 4; 4; 4; 4; 4; 4; 4; 4; 4; 4; 4; 4; 4; 4; 4; 4; 4; 4; 4; 4; 4; 4; 4; 4; 4; 4; 4; 4; 4; 4; 4; 4; 4; 0];

% cost function results
vioSt = [0];
vioDl = [0];
vioNon = [7200];
vioTpMin = [0, 0, 0, 0, 0, 0, 0, 0, 0, 0, 0, 0, 0, 0, 0, 0, 0, 0, 0, 0, 0, 0, 0, 0, 0, 0, 0, 0, 0, 0, 0, 0, 0, 0, 0, 0, 0, 0, 0, 0, 0, 0, 0, 0, 0, 0, 0, 0, 0, 0];
vioTp = [0];
vioLcy = [24500];
vioJit = [1372];
cost_vio = 330720;
cost_switches = 0;
cost_ch = 1568;
costTotal = 332288;

% optimization
% 
% ############### Network 0 ##############
% F0	|[0]4	|4	|4	|4	|4	|4	|4	|4	|4	|4	|[10]4	|4	|4	|4	|4	|4	|4	|4	|4	|4	|[20]4	|4	|4	|4	|4	|4	|4	|4	|4	|4	|[30]4	|4	|4	|4	|4	|4	|4	|4	|4	|4	|[40]4	|4	|4	|4	|4	|4	|4	|4	|4	|	|

