
% 2015-10-17 10:30:37

% my_logs\longTest1\0_2_0\rep_3\priority_log.m
scheduling_duration_us = 10031;

% schedule
schedule_f_t_n(:,:,1) = [6; 6; 6; 6; 6; 6; 6; 6; 6; 6; 6; 6; 6; 6; 6; 6; 6; 6; 6; 6; 6; 6; 6; 6; 6; 6; 6; 6; 6; 6; 6; 6; 6; 6; 6; 6; 6; 6; 6; 6; 6; 6; 6; 6; 6; 6; 6; 6; 6; 6; 6; 6; 6; 6; 6; 6; 6; 6; 6; 6; 6; 6; 6; 6; 6; 6; 0; 0; 0; 0; 0; 0; 0; 0; 0; 0; 0; 0; 0; 0; 0; 0; 0; 0; 0; 0; 0; 0; 0; 0; 0; 0; 0; 0; 0; 0; 0; 0; 0; 0];

% cost function results
vioSt = [0];
vioDl = [0];
vioNon = [0];
vioTpMin = [0, 0, 0, 0, 0, 0, 0, 0, 0, 0, 0, 0, 0, 0, 0, 0, 0, 0, 0, 0, 0, 0, 0, 0, 0, 0, 0, 0, 0, 0, 0, 0, 0, 0, 0, 0, 0, 0, 0, 0, 0, 0, 0, 0, 0, 0, 0, 0, 0, 0, 0, 0, 0, 0, 0, 0, 0, 0, 0, 0, 0, 0, 0, 0, 0, 0, 5, 5, 5, 5, 5, 5, 5, 5, 5, 5, 5, 5, 5, 5, 5, 5, 5, 5, 5, 5, 5, 5, 5, 5, 5, 5, 5, 5, 5, 5, 5, 5, 5, 0];
vioTp = [16500];
vioLcy = [38016];
vioJit = [9504];
cost_vio = 704220;
cost_switches = 0;
cost_ch = 4356;
costTotal = 708576;

% priority
% 
% ############### Network 0 ##############
% F0	|[0]6	|6	|6	|6	|6	|6	|6	|6	|6	|6	|[10]6	|6	|6	|6	|6	|6	|6	|6	|6	|6	|[20]6	|6	|6	|6	|6	|6	|6	|6	|6	|6	|[30]6	|6	|6	|6	|6	|6	|6	|6	|6	|6	|[40]6	|6	|6	|6	|6	|6	|6	|6	|6	|6	|[50]6	|6	|6	|6	|6	|6	|6	|6	|6	|6	|[60]6	|6	|6	|6	|6	|6	|	|	|	|	|[70]	|	|	|	|	|	|	|	|	|	|[80]	|	|	|	|	|	|	|	|	|	|[90]	|	|	|	|	|	|	|	|	|	|

