
% 2016-05-26 10:26:25

% my_logs\eval_4_4_3_c15\4_1_0\rep_18\Random_log.m
scheduling_duration_us = 66663;

% schedule
schedule_f_t_n(:,:,1) = [0; 0; 0; 0; 0; 0; 0; 0; 0; 0; 0; 0; 0; 0; 0; 0; 0; 0; 0; 0; 0; 0; 0; 0; 0; 0; 0; 0; 0; 0; 0; 0; 0; 0; 0; 0; 0; 0; 0; 0; 0; 0; 0; 0; 0; 0; 0; 0; 0; 0];
schedule_f_t_n(:,:,2) = [0; 0; 0; 0; 0; 0; 0; 0; 0; 0; 0; 0; 0; 0; 0; 0; 0; 0; 0; 0; 0; 0; 0; 0; 0; 0; 0; 0; 0; 0; 0; 0; 0; 0; 14; 28; 0; 0; 0; 0; 0; 0; 0; 0; 0; 0; 0; 0; 0; 0];
schedule_f_t_n(:,:,3) = [0; 0; 0; 0; 0; 0; 0; 0; 0; 0; 0; 0; 0; 0; 0; 0; 0; 0; 0; 0; 0; 0; 0; 0; 0; 0; 0; 0; 0; 0; 0; 0; 0; 0; 0; 0; 0; 0; 0; 0; 0; 0; 0; 0; 0; 0; 0; 0; 0; 0];
schedule_f_t_n(:,:,4) = [0; 0; 0; 0; 0; 0; 0; 0; 0; 0; 0; 0; 0; 0; 0; 0; 0; 0; 0; 0; 0; 0; 0; 0; 0; 0; 0; 0; 0; 0; 0; 0; 0; 0; 0; 0; 0; 0; 0; 0; 0; 0; 0; 0; 0; 0; 0; 0; 0; 0];
schedule_f_t_n(:,:,5) = [0; 0; 0; 0; 0; 0; 0; 0; 0; 0; 0; 0; 0; 0; 0; 0; 0; 0; 0; 0; 0; 0; 0; 0; 0; 0; 0; 0; 0; 0; 0; 0; 0; 0; 0; 0; 19; 19; 19; 19; 19; 19; 0; 0; 0; 0; 0; 0; 0; 0];
schedule_f_t_n(:,:,6) = [0; 0; 0; 0; 0; 0; 0; 0; 0; 0; 0; 0; 0; 0; 0; 0; 0; 0; 0; 0; 0; 0; 0; 0; 0; 0; 0; 0; 0; 0; 0; 0; 0; 0; 0; 0; 0; 0; 0; 0; 0; 0; 0; 0; 0; 0; 0; 0; 0; 0];
schedule_f_t_n(:,:,7) = [0; 0; 0; 0; 0; 0; 0; 0; 0; 0; 0; 0; 0; 0; 0; 0; 0; 0; 0; 0; 0; 0; 0; 0; 0; 0; 0; 0; 0; 0; 0; 0; 0; 0; 0; 0; 0; 0; 0; 0; 0; 0; 0; 0; 0; 0; 0; 0; 0; 0];
schedule_f_t_n(:,:,8) = [0; 0; 0; 0; 0; 0; 0; 0; 0; 0; 0; 0; 0; 0; 0; 0; 0; 0; 28; 28; 28; 28; 28; 28; 28; 0; 0; 0; 0; 0; 0; 0; 0; 0; 0; 0; 0; 0; 0; 0; 0; 0; 0; 0; 0; 0; 0; 0; 0; 0];
schedule_f_t_n(:,:,9) = [0; 0; 0; 0; 0; 0; 0; 0; 0; 0; 0; 0; 0; 0; 0; 0; 0; 0; 0; 0; 0; 0; 0; 0; 0; 0; 0; 0; 0; 0; 0; 0; 0; 0; 0; 0; 0; 0; 0; 0; 0; 0; 0; 0; 0; 0; 0; 0; 0; 0];
schedule_f_t_n(:,:,10) = [28; 28; 28; 28; 28; 28; 28; 28; 28; 28; 28; 28; 28; 28; 28; 28; 28; 28; 0; 0; 0; 0; 0; 0; 0; 28; 28; 28; 28; 28; 28; 28; 28; 28; 14; 0; 0; 0; 0; 0; 0; 0; 0; 0; 0; 0; 0; 0; 0; 0];
schedule_f_t_n(:,:,11) = [0; 0; 0; 0; 0; 0; 0; 0; 0; 0; 0; 0; 0; 0; 0; 0; 0; 0; 0; 0; 0; 0; 0; 0; 0; 0; 0; 0; 0; 0; 0; 0; 0; 0; 0; 0; 9; 9; 9; 9; 9; 9; 9; 9; 9; 0; 0; 0; 0; 0];
schedule_f_t_n(:,:,12) = [0; 0; 0; 0; 0; 0; 0; 0; 0; 0; 0; 0; 0; 0; 0; 0; 0; 0; 0; 0; 0; 0; 0; 0; 0; 0; 0; 0; 0; 0; 0; 0; 0; 0; 0; 0; 0; 0; 0; 0; 0; 0; 19; 19; 19; 28; 0; 0; 0; 0];
schedule_f_t_n(:,:,13) = [0; 0; 0; 0; 0; 0; 0; 0; 0; 0; 0; 0; 0; 0; 0; 0; 0; 0; 0; 0; 0; 0; 0; 0; 0; 0; 0; 0; 0; 0; 0; 0; 0; 0; 0; 0; 0; 0; 0; 0; 0; 0; 0; 0; 0; 0; 0; 0; 0; 0];
schedule_f_t_n(:,:,14) = [0; 0; 0; 0; 0; 0; 0; 0; 0; 0; 0; 0; 0; 0; 0; 0; 0; 0; 0; 0; 0; 0; 0; 0; 0; 0; 0; 0; 0; 0; 0; 0; 0; 0; 0; 0; 0; 0; 0; 0; 0; 0; 0; 0; 0; 0; 0; 0; 0; 0];
schedule_f_t_n(:,:,15) = [0; 0; 0; 0; 0; 0; 0; 0; 0; 0; 0; 0; 0; 0; 0; 0; 0; 0; 0; 0; 0; 0; 0; 0; 0; 0; 0; 0; 0; 0; 0; 0; 0; 0; 0; 0; 0; 0; 0; 0; 0; 0; 0; 0; 0; 0; 0; 0; 0; 0];
schedule_f_t_n(:,:,16) = [0; 0; 0; 0; 0; 0; 0; 0; 0; 0; 0; 0; 0; 0; 0; 0; 0; 0; 0; 0; 0; 0; 0; 0; 0; 0; 0; 0; 0; 0; 0; 0; 0; 0; 0; 0; 0; 0; 0; 0; 0; 0; 0; 0; 0; 0; 0; 0; 0; 0];

% cost function results
costTotal = 7478118;

% per run statistics
per_run_cost = [7714425, 6924892, 6002653, 7852392, 6197140, 7973500, 7183704, 8284872, 8223373, 8304288, 5420118, 6398170, 6317679, 8198380, 7889929, 7106023, 7464708, 7021588, 7899828, 8215978, 8130913, 7804664, 5942454, 7838130, 7943454, 7299972, 5571656, 8232781, 7712505, 5837481, 8003019, 7051216, 8315740, 8329252, 7301180, 6140022, 6284204, 8100333, 7471442, 8424360, 7897851, 6541480, 7452195, 8217864, 6308713, 6296759, 7745352, 7725522, 7358221, 7244115, 8194643, 8403186, 7413961, 8427244, 7022188, 7099319, 7530530, 7468399, 6837379, 8139018, 8329252, 7709848, 7989452, 8254877, 7767156, 7739387, 7083656, 8030799, 8192090, 7930192, 7372456, 7811240, 8195115, 8189100, 8205488, 6991393, 7634024, 8222996, 5084428, 8276165, 7771180, 5448763, 7489388, 6524535, 7172260, 8181586, 7661084, 8050343, 7789863, 7345705, 8010094, 8424360, 8004627, 8117103, 8233425, 8307392, 8222297, 6316440, 6135430, 7407298, 8255548, 8134428, 8202101, 7197264, 5923969, 8427244, 8301812, 7929513, 7860669, 7299670, 8302657, 7965205, 5971518, 5050622, 7857568, 8048548, 8301732, 7515171, 8343872, 8153429, 7463838, 8281323, 8143624, 7454643, 8219459, 6374996, 8189454, 6969226, 7695982, 5358498, 7468312, 7821748, 7294562, 7270188, 5542523, 8163549, 7422620, 8148462, 8406761, 7589312, 8387660, 5532223, 8071078, 8279789, 8255548, 8004092, 7699974, 6095268, 8404110, 6532144, 5509820, 8393300, 8233425, 6528421, 8365417, 7841833, 6904958, 7288163, 7234194, 8236375, 5440050, 8221989, 7241964, 8393685, 7192365, 7583352, 7294183, 7199992, 6684567, 7825048, 6179812, 7654252, 7102762, 6942740, 6971441, 8083161, 8313922, 7971824, 7748516, 5735176, 7815760, 7263228, 7421821, 5318998, 8045863, 7356988, 7698068, 8313303, 8424360, 7830038, 8028980, 6260891, 7936903, 8140972, 6007440, 7558714, 7590591, 7800751, 7250665, 6384529];
per_run_duration_us = [58563, 79528, 60577, 80518, 60804, 80888, 87859, 65712, 67925, 57701, 64374, 65760, 61008, 60156, 75247, 72239, 60608, 66747, 61284, 77587, 55741, 61059, 72633, 60449, 56648, 58460, 67660, 59500, 54992, 78311, 67966, 66068, 67029, 63265, 57665, 56071, 62803, 57980, 55913, 54830, 60286, 59483, 77274, 72623, 74104, 95175, 62588, 61032, 63822, 60995, 62058, 60607, 61402, 121091, 79602, 64433, 77533, 63809, 63742, 62098, 63875, 70449, 88455, 85905, 81182, 62710, 65102, 79341, 60478, 75049, 106597, 62026, 63124, 75250, 67077, 64377, 67849, 67064, 66054, 104267, 85638, 85087, 89915, 64583, 95585, 76903, 77162, 60705, 59586, 86414, 63707, 68591, 88615, 85530, 116980, 73527, 57570, 62347, 76743, 84916, 56006, 59637, 56359, 63022, 59219, 61529, 60847, 60966, 57376, 61414, 55301, 65423, 63936, 67318, 65483, 64886, 66350, 54702, 56073, 52508, 61645, 67974, 65767, 67721, 62367, 115074, 59834, 57049, 56366, 56193, 59854, 63342, 57773, 55639, 57476, 57053, 60380, 58348, 56655, 56924, 55160, 61952, 54989, 64671, 67227, 59273, 62812, 73809, 72171, 67593, 62994, 66545, 67735, 57063, 52092, 57579, 66262, 68475, 68232, 64118, 61625, 57527, 55753, 55675, 56437, 65320, 56028, 56408, 56023, 61721, 77001, 61002, 56774, 56038, 86280, 67498, 55153, 79845, 104212, 62388, 56486, 55117, 56491, 56023, 59772, 55111, 56310, 63831, 55943, 62117, 73020, 96998, 64027, 60790, 64725, 60589, 72025, 58895, 72879, 69951];

