
% 2015-10-17 01:20:04

% my_logs\longTest1\0_1_0\rep_18\priority_log.m
scheduling_duration_us = 6629;

% schedule
schedule_f_t_n(:,:,1) = [6; 6; 6; 6; 6; 6; 6; 6; 6; 6; 6; 6; 6; 6; 6; 6; 6; 6; 6; 6; 6; 6; 6; 6; 6; 6; 6; 6; 6; 6; 6; 6; 6; 6; 6; 6; 6; 6; 6; 6; 6; 6; 6; 6; 6; 6; 6; 6; 6; 0];

% cost function results
vioSt = [0];
vioDl = [0];
vioNon = [1296];
vioTpMin = [0, 0, 0, 0, 0, 0, 0, 0, 0, 0, 0, 0, 0, 0, 0, 0, 0, 0, 0, 0, 0, 0, 0, 0, 0, 0, 0, 0, 0, 0, 0, 0, 0, 0, 0, 0, 0, 0, 0, 0, 0, 0, 0, 0, 0, 0, 0, 0, 0, 0];
vioTp = [0];
vioLcy = [84672];
vioJit = [44100];
cost_vio = 1040544;
cost_switches = 0;
cost_ch = 3528;
costTotal = 1044072;

% priority
% 
% ############### Network 0 ##############
% F0	|[0]6	|6	|6	|6	|6	|6	|6	|6	|6	|6	|[10]6	|6	|6	|6	|6	|6	|6	|6	|6	|6	|[20]6	|6	|6	|6	|6	|6	|6	|6	|6	|6	|[30]6	|6	|6	|6	|6	|6	|6	|6	|6	|6	|[40]6	|6	|6	|6	|6	|6	|6	|6	|6	|	|

