
% 2016-12-05 18:25:40

% my_logs\eval_\2_2_1\rep_0\GreedyOnline_H2_log.m
scheduling_duration_us = 25546;

% schedule
schedule_f_t_n(:,:,1) = [0, 0; 0, 0; 0, 0; 0, 0; 0, 0; 0, 0; 0, 0; 0, 0; 0, 0; 0, 0; 0, 0; 0, 0; 0, 0; 0, 0; 0, 0; 0, 0; 0, 0; 0, 0; 0, 0; 0, 0; 0, 0; 0, 0; 0, 0; 0, 0; 0, 0; 0, 0; 0, 0; 0, 0; 0, 0; 0, 0; 0, 0; 0, 0; 0, 0; 0, 0; 0, 0; 0, 0; 0, 0; 0, 0; 0, 0; 0, 0; 0, 0; 0, 0; 0, 0; 0, 0; 0, 0; 0, 0; 0, 0; 0, 0; 0, 0; 0, 0; 0, 0; 0, 0; 0, 0; 0, 0; 0, 0; 0, 0; 0, 0; 0, 0; 0, 0; 0, 0; 0, 0; 0, 0; 0, 0; 0, 0; 0, 0; 0, 0; 0, 0; 0, 0; 0, 0; 0, 0; 0, 0; 0, 0; 0, 0; 0, 0; 0, 0; 0, 0; 0, 0; 0, 0; 0, 0; 0, 0; 0, 0; 0, 0; 0, 0; 0, 0; 0, 0; 0, 0; 0, 0; 0, 0; 0, 0; 0, 0; 0, 0; 0, 0; 21, 0; 21, 0; 20, 0; 27, 0; 0, 0; 0, 0; 0, 0; 0, 0];
schedule_f_t_n(:,:,2) = [21, 0; 17, 0; 24, 0; 21, 0; 20, 0; 23, 0; 15, 0; 16, 0; 22, 0; 14, 0; 14, 0; 21, 0; 16, 0; 23, 0; 25, 0; 29, 0; 29, 0; 19, 0; 19, 0; 14, 0; 17, 0; 19, 0; 23, 0; 22, 0; 18, 0; 20, 0; 18, 0; 20, 0; 22, 0; 21, 0; 19, 0; 8, 0; 10, 0; 16, 0; 9, 0; 12, 0; 11, 0; 14, 0; 13, 0; 25, 0; 0, 1; 0, 1; 0, 1; 0, 18; 0, 17; 0, 15; 0, 18; 0, 15; 0, 18; 0, 22; 26, 0; 21, 0; 21, 0; 23, 0; 23, 0; 20, 0; 16, 0; 21, 0; 0, 0; 8, 0; 16, 0; 11, 0; 19, 0; 21, 0; 21, 0; 21, 0; 25, 0; 30, 0; 23, 0; 20, 0; 18, 0; 13, 0; 18, 0; 18, 0; 17, 0; 16, 0; 17, 0; 12, 0; 20, 0; 22, 0; 23, 0; 24, 0; 22, 0; 19, 0; 20, 0; 16, 0; 13, 0; 19, 0; 26, 0; 29, 0; 22, 0; 20, 0; 0, 0; 0, 0; 0, 0; 0, 0; 0, 0; 0, 0; 0, 0; 0, 0];
schedule_f_t_n(:,:,3) = [0, 0; 0, 0; 0, 0; 0, 0; 0, 0; 0, 0; 0, 0; 0, 0; 0, 0; 0, 0; 0, 0; 0, 0; 0, 0; 0, 0; 0, 0; 0, 0; 0, 0; 0, 0; 0, 0; 0, 0; 0, 0; 0, 0; 0, 0; 0, 0; 0, 0; 0, 0; 0, 0; 0, 0; 0, 0; 0, 0; 0, 0; 9, 0; 9, 0; 9, 0; 9, 0; 9, 0; 9, 0; 9, 0; 9, 0; 0, 4; 0, 9; 0, 9; 0, 9; 0, 0; 0, 0; 0, 0; 0, 0; 0, 0; 0, 0; 0, 0; 0, 0; 0, 0; 0, 0; 0, 0; 0, 0; 0, 0; 0, 0; 0, 0; 0, 0; 0, 0; 0, 0; 0, 0; 0, 0; 0, 0; 0, 0; 0, 0; 0, 0; 0, 0; 0, 0; 0, 0; 0, 0; 0, 0; 0, 0; 0, 0; 0, 0; 0, 0; 0, 0; 0, 0; 0, 0; 0, 0; 0, 0; 0, 0; 0, 0; 0, 0; 0, 0; 0, 0; 0, 0; 0, 0; 0, 0; 0, 0; 0, 0; 0, 0; 0, 0; 0, 0; 0, 0; 0, 0; 0, 0; 0, 0; 0, 0; 0, 0];
schedule_f_t_n(:,:,4) = [0, 0; 0, 0; 0, 0; 0, 0; 0, 0; 0, 0; 0, 0; 0, 0; 0, 0; 0, 0; 0, 0; 0, 0; 0, 0; 0, 0; 0, 0; 0, 0; 0, 0; 0, 0; 0, 0; 0, 0; 0, 0; 0, 0; 0, 0; 0, 0; 0, 0; 0, 0; 0, 0; 0, 0; 0, 0; 0, 0; 0, 0; 0, 0; 0, 0; 0, 0; 0, 0; 0, 0; 0, 0; 0, 0; 0, 0; 0, 0; 0, 0; 0, 0; 0, 0; 0, 0; 0, 0; 0, 0; 0, 0; 0, 0; 0, 0; 0, 0; 0, 21; 0, 18; 0, 23; 0, 20; 0, 16; 0, 12; 0, 8; 0, 4; 15, 0; 3, 0; 0, 0; 0, 0; 0, 0; 0, 0; 0, 0; 0, 0; 0, 0; 0, 0; 0, 0; 0, 0; 0, 0; 0, 0; 0, 0; 0, 0; 0, 0; 0, 0; 0, 0; 0, 0; 0, 0; 0, 0; 0, 0; 0, 0; 0, 0; 0, 0; 0, 0; 0, 0; 0, 0; 0, 0; 0, 0; 0, 0; 0, 0; 0, 0; 0, 0; 0, 0; 0, 0; 0, 0; 0, 0; 0, 0; 0, 0; 0, 0];

% cost function results
vioSt = [0, 0, 0, 0];
vioDl = [0, 0, 0, 0];
vioNon = [61100, 3600, 1210, 0];
vioTpMin = [0, 0, 0, 0, 0, 0, 0, 0, 0, 0, 0, 0, 0, 0, 0, 0, 0, 0, 0, 0, 0, 0, 0, 0, 0, 0, 0, 0, 0, 0, 0, 0, 0, 0, 0, 0, 0, 0, 0, 0, 0, 0, 0, 0, 0, 0, 0, 0, 0, 0, 0, 0, 0, 0, 0, 0, 0, 0, 0, 0, 0, 0, 0, 0, 0, 0, 0, 0, 0, 0, 0, 0, 0, 0, 0, 0, 147, 147, 147, 147, 147, 147, 147, 147, 147, 147, 147, 147, 147, 147, 147, 147, 126, 105, 85, 58, 0, 0, 0, 0; 0, 0, 0, 0, 0, 0, 0, 0, 0, 0, 0, 0, 0, 0, 0, 0, 0, 0, 0, 0, 0, 0, 0, 0, 0, 0, 0, 0, 0, 0, 0, 0, 0, 0, 0, 0, 0, 0, 0, 0, 0, 0, 0, 0, 0, 0, 0, 0, 0, 0, 0, 0, 0, 0, 0, 0, 0, 0, 0, 0, 0, 0, 0, 0, 0, 0, 0, 0, 0, 0, 0, 0, 0, 0, 0, 0, 0, 0, 0, 0, 0, 0, 0, 0, 0, 0, 0, 0, 0, 0, 0, 0, 0, 0, 0, 0, 0, 0, 0, 0; 0, 0, 0, 0, 0, 0, 0, 0, 0, 0, 0, 0, 0, 0, 0, 0, 0, 0, 0, 0, 0, 0, 0, 0, 0, 0, 0, 0, 0, 0, 0, 0, 0, 0, 0, 0, 0, 0, 0, 2, 0, 0, 0, 0, 0, 0, 0, 0, 0, 0, 0, 0, 0, 0, 0, 0, 0, 0, 0, 0, 0, 0, 0, 0, 0, 0, 0, 0, 0, 0, 0, 0, 0, 0, 0, 0, 0, 0, 0, 0, 0, 0, 0, 0, 0, 0, 0, 0, 0, 0, 0, 0, 0, 0, 0, 0, 0, 0, 0, 0; 0, 0, 0, 0, 0, 0, 0, 0, 0, 0, 0, 0, 0, 0, 0, 0, 0, 0, 0, 0, 0, 0, 0, 0, 0, 0, 0, 0, 0, 0, 0, 0, 0, 0, 0, 0, 0, 0, 0, 0, 0, 0, 0, 0, 0, 0, 0, 0, 0, 0, 0, 0, 0, 0, 0, 0, 0, 0, 0, 0, 0, 0, 0, 0, 0, 0, 0, 0, 0, 0, 0, 0, 0, 0, 0, 0, 0, 0, 0, 0, 0, 0, 0, 0, 0, 0, 0, 0, 0, 0, 0, 0, 0, 0, 0, 0, 0, 0, 0, 0];
vioTp = [593, 0, 333, 0];
vioLcy = [0, 0, 949440, 0];
vioJit = [0, 0, 66240, 0];
cost_vio = 11519518;
cost_switches = 4000;
cost_ch = 159705;
costTotal = 11683223;

% GreedyOnline_H2
% 
% ############### Network 0 ##############
% cap	|[0]21	|17	|24	|21	|20	|23	|15	|16	|22	|14	|[10]14	|21	|16	|23	|25	|29	|29	|19	|19	|14	|[20]17	|19	|23	|22	|18	|20	|18	|20	|22	|21	|[30]19	|17	|19	|25	|18	|21	|20	|23	|22	|25	|[40]30	|20	|17	|18	|15	|18	|22	|24	|28	|29	|[50]26	|21	|21	|23	|23	|20	|16	|21	|15	|11	|[60]16	|11	|19	|21	|21	|21	|25	|30	|23	|20	|[70]18	|13	|18	|18	|17	|16	|17	|12	|20	|22	|[80]23	|24	|22	|19	|20	|16	|13	|19	|26	|29	|[90]22	|20	|21	|21	|20	|27	|27	|27	|24	|18	|
% F0	|[0]	|	|	|	|	|	|	|	|	|	|[10]	|	|	|	|	|	|	|	|	|	|[20]	|	|	|	|	|	|	|	|	|	|[30]	|	|	|	|	|	|	|	|	|	|[40]	|	|	|	|	|	|	|	|	|	|[50]	|	|	|	|	|	|	|	|	|	|[60]	|	|	|	|	|	|	|	|	|	|[70]	|	|	|	|	|	|	|	|	|	|[80]	|	|	|	|	|	|	|	|	|	|[90]	|	|21	|21	|20	|27	|	|	|	|	|
% F1	|[0]21	|17	|24	|21	|20	|23	|15	|16	|22	|14	|[10]14	|21	|16	|23	|25	|29	|29	|19	|19	|14	|[20]17	|19	|23	|22	|18	|20	|18	|20	|22	|21	|[30]19	|8	|10	|16	|9	|12	|11	|14	|13	|25	|[40]	|	|	|	|	|	|	|	|	|	|[50]26	|21	|21	|23	|23	|20	|16	|21	|	|8	|[60]16	|11	|19	|21	|21	|21	|25	|30	|23	|20	|[70]18	|13	|18	|18	|17	|16	|17	|12	|20	|22	|[80]23	|24	|22	|19	|20	|16	|13	|19	|26	|29	|[90]22	|20	|	|	|	|	|	|	|	|	|
% F2	|[0]	|	|	|	|	|	|	|	|	|	|[10]	|	|	|	|	|	|	|	|	|	|[20]	|	|	|	|	|	|	|	|	|	|[30]	|9	|9	|9	|9	|9	|9	|9	|9	|	|[40]	|	|	|	|	|	|	|	|	|	|[50]	|	|	|	|	|	|	|	|	|	|[60]	|	|	|	|	|	|	|	|	|	|[70]	|	|	|	|	|	|	|	|	|	|[80]	|	|	|	|	|	|	|	|	|	|[90]	|	|	|	|	|	|	|	|	|	|
% F3	|[0]	|	|	|	|	|	|	|	|	|	|[10]	|	|	|	|	|	|	|	|	|	|[20]	|	|	|	|	|	|	|	|	|	|[30]	|	|	|	|	|	|	|	|	|	|[40]	|	|	|	|	|	|	|	|	|	|[50]	|	|	|	|	|	|	|	|15	|3	|[60]	|	|	|	|	|	|	|	|	|	|[70]	|	|	|	|	|	|	|	|	|	|[80]	|	|	|	|	|	|	|	|	|	|[90]	|	|	|	|	|	|	|	|	|	|
% ############### Network 1 ##############
% cap	|[0]0	|0	|0	|0	|0	|0	|0	|0	|0	|0	|[10]0	|0	|0	|0	|0	|0	|0	|0	|0	|0	|[20]0	|0	|0	|0	|0	|0	|0	|0	|0	|0	|[30]0	|0	|0	|0	|0	|0	|0	|0	|0	|4	|[40]10	|10	|10	|18	|17	|15	|18	|15	|18	|22	|[50]21	|18	|23	|20	|16	|12	|8	|4	|0	|0	|[60]0	|0	|0	|0	|0	|0	|0	|0	|0	|0	|[70]0	|0	|0	|0	|0	|0	|0	|0	|0	|0	|[80]0	|0	|0	|0	|0	|0	|0	|0	|0	|0	|[90]0	|0	|0	|0	|0	|0	|0	|0	|0	|0	|
% F1	|[0]	|	|	|	|	|	|	|	|	|	|[10]	|	|	|	|	|	|	|	|	|	|[20]	|	|	|	|	|	|	|	|	|	|[30]	|	|	|	|	|	|	|	|	|	|[40]1	|1	|1	|18	|17	|15	|18	|15	|18	|22	|[50]	|	|	|	|	|	|	|	|	|	|[60]	|	|	|	|	|	|	|	|	|	|[70]	|	|	|	|	|	|	|	|	|	|[80]	|	|	|	|	|	|	|	|	|	|[90]	|	|	|	|	|	|	|	|	|	|
% F2	|[0]	|	|	|	|	|	|	|	|	|	|[10]	|	|	|	|	|	|	|	|	|	|[20]	|	|	|	|	|	|	|	|	|	|[30]	|	|	|	|	|	|	|	|	|4	|[40]9	|9	|9	|	|	|	|	|	|	|	|[50]	|	|	|	|	|	|	|	|	|	|[60]	|	|	|	|	|	|	|	|	|	|[70]	|	|	|	|	|	|	|	|	|	|[80]	|	|	|	|	|	|	|	|	|	|[90]	|	|	|	|	|	|	|	|	|	|
% F3	|[0]	|	|	|	|	|	|	|	|	|	|[10]	|	|	|	|	|	|	|	|	|	|[20]	|	|	|	|	|	|	|	|	|	|[30]	|	|	|	|	|	|	|	|	|	|[40]	|	|	|	|	|	|	|	|	|	|[50]21	|18	|23	|20	|16	|12	|8	|4	|	|	|[60]	|	|	|	|	|	|	|	|	|	|[70]	|	|	|	|	|	|	|	|	|	|[80]	|	|	|	|	|	|	|	|	|	|[90]	|	|	|	|	|	|	|	|	|	|

% Flow Drop Rate:
% Flow 0: 88%, type: BufferableStream, st 63, dl 96, UserImp 5, ImpUnsch 20, ImpLcy 0, ImpJit 0, ImpTp 23, Tokens 700
% Flow 1: 2%, type: Background (DL), st 0, dl 92, UserImp 6, ImpUnsch 20, ImpLcy 0, ImpJit 0, ImpTp 0, Tokens 1705
% Flow 2: 5%, type: Conversational, st 31, dl 43, UserImp 11, ImpUnsch 22, ImpLcy 8, ImpJit 9, ImpTp 50, Tokens 108
% Flow 3: 0%, type: Interactive, st 50, dl 61, UserImp 16, ImpUnsch 23, ImpLcy 0, ImpJit 0, ImpTp 51, Tokens 140
% 

