% t_n_i
% time:
generate_model = 4517;
duration_to_solve_model_us = 321;
create_model = 47;
% allocatedChunks
allocatedChunks(:,:,1) = [5, 0, 0, 0, 0, 0, 0, 0; 5, 0, 0, 0, 0, 0, 0, 0; 0, 0, 0, 0, 0, 0, 5, 0; 0, 0, 0, 0, 0, 0, 5, 0; 0, 0, 0, 0, 0, 0, 5, 0; 0, 0, 0, 0, 0, 0, 5, 0; 0, 0, 0, 0, 0, 0, 5, 0; 0, 0, 0, 5, 0, 0, 0, 0; 0, 0, 5, 0, 0, 0, 0, 0; 0, 0, 5, 0, 0, 0, 0, 0; 0, 0, 5, 0, 0, 0, 0, 0; 0, 0, 5, 0, 0, 0, 0, 0; 0, 0, 5, 0, 0, 0, 0, 0; 0, 5, 0, 0, 0, 0, 0, 0; 0, 5, 0, 0, 0, 0, 0, 0; 0, 5, 0, 0, 0, 0, 0, 0; 0, 5, 0, 0, 0, 0, 0, 0; 0, 5, 0, 0, 0, 0, 0, 0; 0, 5, 0, 0, 0, 0, 0, 0; 0, 5, 0, 0, 0, 0, 0, 0; 0, 5, 0, 0, 0, 0, 0, 0; 5, 0, 0, 0, 0, 0, 0, 0; 5, 0, 0, 0, 0, 0, 0, 0; 5, 0, 0, 0, 0, 0, 0, 0; 5, 0, 0, 0, 0, 0, 0, 0];
% non_allocated
non_allocated = [80];
% dl_vio
dl_vio = [0];
% st_vio
st_vio = [0];
% vioThroughput
vioThroughput = [0];
% non_allo_vio
non_allo_vio = [4480];
% nChunks
nChunks = [205];
% prefStartTime
prefStartTime = [0];
% deadline
deadline = [41];
% availBW
availBW = [34, 34, 34, 34, 34, 34, 34, 34, 34, 34, 34, 34, 34, 34, 34, 34, 34, 34, 34, 34, 34, 34, 34, 34, 34; 0, 0, 0, 0, 0, 0, 0, 0, 0, 0, 10, 20, 30, 30, 30, 30, 30, 30, 30, 20, 10, 0, 0, 0, 0; 0, 0, 0, 0, 0, 23, 46, 69, 69, 69, 69, 69, 69, 69, 46, 23, 0, 0, 0, 0, 0, 0, 0, 0, 0; 0, 0, 0, 34, 68, 68, 68, 68, 68, 34, 0, 0, 0, 0, 0, 0, 0, 0, 0, 0, 0, 0, 0, 0, 0; 0, 0, 0, 0, 0, 0, 21, 42, 64, 64, 64, 64, 64, 64, 64, 42, 21, 0, 0, 0, 0, 0, 0, 0, 0; 0, 0, 0, 0, 0, 0, 0, 0, 19, 38, 58, 58, 58, 58, 58, 58, 38, 19, 0, 0, 0, 0, 0, 0, 0; 0, 0, 19, 38, 58, 58, 58, 58, 58, 58, 58, 38, 19, 0, 0, 0, 0, 0, 0, 0, 0, 0, 0, 0, 0; 0, 0, 0, 0, 21, 43, 65, 65, 65, 65, 65, 65, 43, 21, 0, 0, 0, 0, 0, 0, 0, 0, 0, 0, 0];

