
% 2015-10-17 01:23:27

% my_logs\longTest1\0_1_1\rep_18\optimization_log.m
scheduling_duration_us = 234929;

% schedule
schedule_f_t_n(:,:,1) = [4, 0; 4, 0; 4, 0; 4, 0; 4, 0; 4, 0; 4, 0; 4, 0; 4, 0; 4, 0; 4, 0; 4, 0; 4, 0; 4, 0; 4, 0; 4, 0; 4, 0; 4, 0; 4, 0; 4, 0; 0, 4; 0, 4; 0, 4; 0, 4; 0, 4; 0, 4; 0, 4; 4, 0; 4, 0; 4, 0; 4, 0; 4, 0; 4, 0; 4, 0; 4, 0; 4, 0; 4, 0; 4, 0; 4, 0; 0, 0; 0, 0; 0, 0; 0, 0; 0, 0; 0, 0; 0, 0; 0, 0; 0, 0; 0, 0; 0, 0];

% cost function results
vioSt = [0];
vioDl = [0];
vioNon = [7722];
vioTpMin = [0, 0, 0, 0, 0, 0, 0, 0, 0, 0, 0, 0, 0, 0, 0, 0, 0, 0, 0, 0, 0, 0, 0, 0, 0, 0, 0, 0, 0, 0, 0, 0, 0, 0, 0, 0, 0, 0, 0, 0, 0, 0, 0, 0, 0, 0, 0, 0, 0, 0];
vioTp = [0];
vioLcy = [5760];
vioJit = [19968];
cost_vio = 367950;
cost_switches = 400;
cost_ch = 1748;
costTotal = 370098;

% optimization
% 
% ############### Network 0 ##############
% F0	|[0]4	|4	|4	|4	|4	|4	|4	|4	|4	|4	|[10]4	|4	|4	|4	|4	|4	|4	|4	|4	|4	|[20]	|	|	|	|	|	|	|4	|4	|4	|[30]4	|4	|4	|4	|4	|4	|4	|4	|4	|	|[40]	|	|	|	|	|	|	|	|	|	|
% ############### Network 1 ##############
% F0	|[0]	|	|	|	|	|	|	|	|	|	|[10]	|	|	|	|	|	|	|	|	|	|[20]4	|4	|4	|4	|4	|4	|4	|	|	|	|[30]	|	|	|	|	|	|	|	|	|	|[40]	|	|	|	|	|	|	|	|	|	|

