
% 2015-10-17 23:10:14

% my_logs\longTest1\0_3_1\rep_10\optimization_log.m
scheduling_duration_us = 8758278;

% schedule
schedule_f_t_n(:,:,1) = [0, 0; 0, 0; 0, 0; 0, 4; 0, 4; 0, 4; 0, 4; 0, 4; 0, 4; 0, 4; 0, 4; 0, 4; 0, 4; 0, 4; 0, 4; 0, 4; 0, 4; 0, 4; 0, 0; 0, 0; 0, 0; 0, 0; 0, 0; 0, 0; 0, 0; 0, 0; 0, 0; 0, 0; 0, 0; 0, 0; 0, 0; 0, 0; 0, 0; 0, 0; 0, 0; 0, 0; 0, 0; 0, 0; 0, 0; 0, 0; 0, 0; 0, 0; 0, 0; 0, 0; 0, 0; 0, 0; 0, 0; 0, 0; 0, 0; 0, 0; 0, 0; 0, 0; 0, 0; 0, 0; 0, 0; 0, 0; 0, 0; 0, 0; 0, 0; 0, 0; 0, 0; 0, 0; 0, 0; 0, 0; 0, 0; 0, 0; 0, 0; 0, 0; 0, 0; 0, 0; 0, 0; 0, 0; 0, 0; 0, 0; 0, 0; 0, 0; 0, 0; 0, 0; 0, 0; 0, 0; 0, 0; 0, 0; 0, 0; 0, 0; 0, 0; 0, 0; 0, 0; 0, 0; 0, 0; 0, 0; 0, 0; 0, 0; 0, 0; 0, 0; 0, 0; 0, 0; 0, 0; 0, 0; 0, 0; 0, 0; 0, 0; 0, 0; 0, 0; 0, 0; 0, 0; 0, 0; 0, 0; 0, 0; 0, 0; 0, 0; 0, 0; 0, 0; 0, 0; 0, 0; 0, 0; 0, 0; 0, 0; 0, 0; 0, 0; 0, 0; 0, 0; 0, 0; 0, 0; 0, 0; 0, 0; 0, 0; 0, 0; 0, 0; 0, 0; 0, 0; 0, 0; 0, 0; 0, 0; 0, 0; 0, 0; 0, 0; 0, 0; 0, 0; 0, 0; 0, 0; 0, 0; 0, 0; 0, 0; 0, 0; 0, 0; 0, 0; 0, 0; 0, 0; 0, 0; 0, 0; 0, 0; 0, 0; 0, 0; 0, 0; 0, 0; 0, 0; 0, 0; 0, 0; 0, 0; 0, 0; 0, 0; 0, 0; 0, 0; 0, 0; 0, 0; 0, 0; 0, 0; 0, 0; 0, 0; 0, 0; 0, 0; 0, 0; 0, 0; 0, 0; 0, 0; 0, 0; 0, 0; 0, 0; 0, 0; 0, 0; 0, 0; 0, 0; 0, 0; 0, 0; 0, 0; 0, 0; 0, 0; 0, 0; 0, 0; 0, 0; 0, 0; 0, 0; 0, 0; 0, 0; 0, 0; 0, 0; 0, 0; 0, 0; 0, 0; 0, 0];

% cost function results
vioSt = [0];
vioDl = [0];
vioNon = [44388];
vioTpMin = [4, 4, 4, 0, 0, 0, 0, 0, 0, 0, 0, 0, 0, 0, 0, 0, 0, 0, 4, 4, 4, 4, 4, 4, 4, 4, 4, 4, 4, 4, 4, 4, 4, 4, 4, 4, 4, 4, 4, 4, 4, 4, 4, 4, 4, 4, 4, 4, 4, 4, 4, 4, 4, 4, 4, 4, 4, 4, 4, 4, 4, 4, 4, 4, 4, 4, 4, 4, 4, 4, 4, 4, 4, 4, 4, 4, 4, 4, 4, 4, 4, 4, 4, 4, 4, 4, 4, 4, 4, 4, 4, 4, 4, 4, 4, 4, 4, 4, 4, 4, 4, 4, 4, 4, 4, 4, 4, 4, 4, 4, 4, 4, 4, 4, 4, 4, 4, 4, 4, 4, 4, 4, 4, 4, 4, 4, 4, 4, 4, 4, 4, 4, 4, 4, 4, 4, 4, 4, 4, 4, 4, 4, 4, 4, 4, 4, 4, 4, 4, 4, 4, 4, 0, 0, 0, 0, 0, 0, 0, 0, 0, 0, 0, 0, 0, 0, 0, 0, 0, 0, 0, 0, 0, 0, 0, 0, 0, 0, 0, 0, 0, 0, 0, 0, 0, 0, 0, 0, 0, 0, 0, 0, 0, 0, 0, 0, 0, 0, 0, 0];
vioTp = [54800];
vioLcy = [0];
vioJit = [6720];
cost_vio = 953172;
cost_switches = 0;
cost_ch = 240;
costTotal = 953412;

% optimization
% 
% ############### Network 0 ##############
% ############### Network 1 ##############
% F0	|[0]	|	|	|4	|4	|4	|4	|4	|4	|4	|[10]4	|4	|4	|4	|4	|4	|4	|4	|	|	|[20]	|	|	|	|	|	|	|	|	|	|[30]	|	|	|	|	|	|	|	|	|	|[40]	|	|	|	|	|	|	|	|	|	|[50]	|	|	|	|	|	|	|	|	|	|[60]	|	|	|	|	|	|	|	|	|	|[70]	|	|	|	|	|	|	|	|	|	|[80]	|	|	|	|	|	|	|	|	|	|[90]	|	|	|	|	|	|	|	|	|	|[100]	|	|	|	|	|	|	|	|	|	|[110]	|	|	|	|	|	|	|	|	|	|[120]	|	|	|	|	|	|	|	|	|	|[130]	|	|	|	|	|	|	|	|	|	|[140]	|	|	|	|	|	|	|	|	|	|[150]	|	|	|	|	|	|	|	|	|	|[160]	|	|	|	|	|	|	|	|	|	|[170]	|	|	|	|	|	|	|	|	|	|[180]	|	|	|	|	|	|	|	|	|	|[190]	|	|	|	|	|	|	|	|	|	|

