
% 2015-10-17 01:05:44

% my_logs\longTest1\0_0_2\rep_14\random_log.m
scheduling_duration_us = 3790;

% schedule
schedule_f_t_n(:,:,1) = [6, 0, 0, 0; 6, 0, 0, 0; 6, 0, 0, 0; 6, 0, 0, 0; 0, 6, 0, 0; 0, 6, 0, 0; 0, 6, 0, 0; 0, 6, 0, 0; 6, 0, 0, 0; 6, 0, 0, 0; 6, 0, 0, 0; 0, 6, 0, 0; 0, 0, 6, 0; 0, 0, 6, 0; 0, 0, 6, 0; 0, 0, 0, 6; 0, 0, 0, 6; 0, 0, 6, 0; 0, 0, 6, 0; 0, 0, 0, 6; 0, 0, 0, 6; 6, 0, 0, 0; 6, 0, 0, 0; 6, 0, 0, 0; 0, 0, 0, 0];

% cost function results
costTotal = 396147;

