
% 2015-10-17 15:48:51

% my_logs\longTest1\0_3_0\rep_20\priority_log.m
scheduling_duration_us = 29604;

% schedule
schedule_f_t_n(:,:,1) = [6; 6; 6; 6; 6; 6; 6; 6; 6; 6; 6; 6; 6; 6; 6; 6; 6; 6; 6; 6; 6; 6; 6; 6; 6; 6; 6; 6; 6; 6; 6; 6; 6; 6; 6; 6; 6; 6; 6; 6; 6; 6; 6; 6; 6; 6; 6; 6; 6; 6; 6; 6; 6; 6; 6; 6; 6; 6; 6; 6; 6; 6; 6; 6; 6; 6; 6; 6; 6; 6; 6; 6; 6; 6; 6; 6; 6; 6; 6; 6; 6; 6; 6; 6; 6; 6; 6; 6; 6; 6; 6; 6; 6; 6; 6; 6; 0; 0; 0; 0; 0; 0; 0; 0; 0; 0; 0; 0; 0; 0; 0; 0; 0; 0; 0; 0; 0; 0; 0; 0; 0; 0; 0; 0; 0; 0; 0; 0; 0; 0; 0; 0; 0; 0; 0; 0; 0; 0; 0; 0; 0; 0; 0; 0; 0; 0; 0; 0; 0; 0; 0; 0; 0; 0; 0; 0; 0; 0; 0; 0; 0; 0; 0; 0; 0; 0; 0; 0; 0; 0; 0; 0; 0; 0; 0; 0; 0; 0; 0; 0; 0; 0; 0; 0; 0; 0; 0; 0; 0; 0; 0; 0; 0; 0; 0; 0; 0; 0; 0; 0];

% cost function results
vioSt = [0];
vioDl = [0];
vioNon = [0];
vioTpMin = [0, 0, 0, 0, 0, 0, 0, 0, 0, 0, 0, 0, 0, 0, 0, 0, 0, 0, 0, 0, 0, 0, 0, 0, 0, 0, 0, 0, 0, 0, 0, 0, 0, 0, 0, 0, 0, 0, 0, 0, 0, 0, 0, 0, 0, 0, 0, 0, 0, 0, 0, 0, 0, 0, 0, 0, 0, 0, 0, 0, 0, 0, 0, 0, 0, 0, 0, 0, 0, 0, 0, 0, 0, 0, 0, 0, 0, 0, 0, 0, 0, 0, 0, 0, 0, 0, 0, 0, 0, 0, 0, 0, 0, 0, 0, 0, 4, 4, 4, 4, 4, 4, 4, 4, 4, 4, 4, 4, 4, 4, 4, 4, 4, 4, 4, 4, 4, 4, 4, 4, 4, 4, 4, 4, 4, 4, 4, 4, 4, 4, 4, 4, 4, 4, 4, 4, 4, 4, 4, 4, 4, 4, 4, 4, 0, 0, 0, 0, 0, 0, 0, 0, 0, 0, 0, 0, 0, 0, 0, 0, 0, 0, 0, 0, 0, 0, 0, 0, 0, 0, 0, 0, 0, 0, 0, 0, 0, 0, 0, 0, 0, 0, 0, 0, 0, 0, 0, 0, 0, 0, 0, 0, 0, 0, 0, 0, 0, 0, 0, 0];
vioTp = [19200];
vioLcy = [169344];
vioJit = [2880];
cost_vio = 1531392;
cost_switches = 0;
cost_ch = 7488;
costTotal = 1538880;

% priority
% 
% ############### Network 0 ##############
% F0	|[0]6	|6	|6	|6	|6	|6	|6	|6	|6	|6	|[10]6	|6	|6	|6	|6	|6	|6	|6	|6	|6	|[20]6	|6	|6	|6	|6	|6	|6	|6	|6	|6	|[30]6	|6	|6	|6	|6	|6	|6	|6	|6	|6	|[40]6	|6	|6	|6	|6	|6	|6	|6	|6	|6	|[50]6	|6	|6	|6	|6	|6	|6	|6	|6	|6	|[60]6	|6	|6	|6	|6	|6	|6	|6	|6	|6	|[70]6	|6	|6	|6	|6	|6	|6	|6	|6	|6	|[80]6	|6	|6	|6	|6	|6	|6	|6	|6	|6	|[90]6	|6	|6	|6	|6	|6	|	|	|	|	|[100]	|	|	|	|	|	|	|	|	|	|[110]	|	|	|	|	|	|	|	|	|	|[120]	|	|	|	|	|	|	|	|	|	|[130]	|	|	|	|	|	|	|	|	|	|[140]	|	|	|	|	|	|	|	|	|	|[150]	|	|	|	|	|	|	|	|	|	|[160]	|	|	|	|	|	|	|	|	|	|[170]	|	|	|	|	|	|	|	|	|	|[180]	|	|	|	|	|	|	|	|	|	|[190]	|	|	|	|	|	|	|	|	|	|

