
% 2015-10-17 23:07:19

% my_logs\longTest1\0_3_1\rep_0\optimization_log.m
scheduling_duration_us = 8298137;

% schedule
schedule_f_t_n(:,:,1) = [4, 0; 4, 0; 4, 0; 4, 0; 4, 0; 4, 0; 4, 0; 4, 0; 4, 0; 4, 0; 4, 0; 0, 4; 0, 4; 0, 4; 0, 4; 0, 4; 0, 4; 0, 4; 0, 4; 0, 4; 0, 4; 0, 4; 0, 4; 0, 4; 0, 4; 4, 0; 4, 0; 4, 0; 4, 0; 4, 0; 4, 0; 4, 0; 4, 0; 4, 0; 4, 0; 4, 0; 4, 0; 4, 0; 4, 0; 4, 0; 4, 0; 4, 0; 4, 0; 4, 0; 4, 0; 4, 0; 4, 0; 4, 0; 4, 0; 4, 0; 4, 0; 4, 0; 4, 0; 4, 0; 4, 0; 4, 0; 4, 0; 4, 0; 4, 0; 4, 0; 4, 0; 4, 0; 4, 0; 4, 0; 4, 0; 4, 0; 4, 0; 4, 0; 4, 0; 4, 0; 4, 0; 4, 0; 4, 0; 4, 0; 4, 0; 4, 0; 4, 0; 4, 0; 4, 0; 4, 0; 4, 0; 4, 0; 4, 0; 4, 0; 4, 0; 4, 0; 4, 0; 4, 0; 4, 0; 4, 0; 4, 0; 4, 0; 4, 0; 4, 0; 4, 0; 4, 0; 4, 0; 4, 0; 4, 0; 4, 0; 4, 0; 4, 0; 4, 0; 4, 0; 4, 0; 4, 0; 4, 0; 4, 0; 4, 0; 4, 0; 4, 0; 4, 0; 4, 0; 4, 0; 4, 0; 4, 0; 4, 0; 4, 0; 4, 0; 4, 0; 4, 0; 4, 0; 4, 0; 4, 0; 4, 0; 4, 0; 4, 0; 0, 0; 0, 0; 0, 0; 0, 0; 0, 0; 0, 0; 0, 0; 0, 0; 0, 0; 0, 0; 0, 0; 0, 0; 0, 0; 0, 0; 0, 0; 0, 0; 0, 0; 0, 0; 0, 0; 0, 0; 0, 0; 0, 0; 0, 0; 0, 0; 0, 0; 0, 0; 0, 0; 0, 0; 0, 0; 0, 0; 0, 0; 0, 0; 0, 0; 0, 0; 0, 0; 0, 0; 0, 0; 0, 0; 0, 0; 0, 0; 0, 0; 0, 0; 0, 0; 0, 0; 0, 0; 0, 0; 0, 0; 0, 0; 0, 0; 0, 0; 0, 0; 0, 0; 0, 0; 0, 0; 0, 0; 0, 0; 0, 0; 0, 0; 0, 0; 0, 0; 0, 0; 0, 0; 0, 0; 0, 0; 0, 0; 0, 0; 0, 0; 0, 0; 0, 0; 0, 0; 0, 0; 0, 0; 0, 0];

% cost function results
vioSt = [0];
vioDl = [0];
vioNon = [0];
vioTpMin = [0, 0, 0, 0, 0, 0, 0, 0, 0, 0, 0, 0, 0, 0, 0, 0, 0, 0, 0, 0, 0, 0, 0, 0, 0, 0, 0, 0, 0, 0, 0, 0, 0, 0, 0, 0, 0, 0, 0, 0, 0, 0, 0, 0, 0, 0, 0, 0, 0, 0, 0, 0, 0, 0, 0, 0, 0, 0, 0, 0, 0, 0, 0, 0, 0, 0, 0, 0, 0, 0, 0, 0, 0, 0, 0, 0, 0, 0, 0, 0, 0, 0, 0, 0, 0, 0, 0, 0, 0, 0, 0, 0, 0, 0, 0, 0, 0, 0, 0, 0, 0, 0, 0, 0, 0, 0, 0, 0, 0, 0, 0, 0, 0, 0, 0, 0, 0, 0, 0, 0, 0, 0, 0, 0, 0, 0, 0, 0, 0, 0, 0, 0, 0, 0, 0, 0, 0, 0, 0, 0, 0, 0, 0, 0, 0, 0, 0, 0, 0, 0, 0, 0, 0, 0, 0, 0, 0, 0, 0, 0, 0, 0, 0, 0, 0, 0, 0, 0, 0, 0, 0, 0, 0, 0, 0, 0, 0, 0, 0, 0, 0, 0, 0, 0, 0, 0, 0, 0, 0, 0, 0, 0, 0, 0, 0, 0, 0, 0, 0, 0];
vioTp = [0];
vioLcy = [36160];
vioJit = [48768];
cost_vio = 849280;
cost_switches = 400;
cost_ch = 5648;
costTotal = 855328;

% optimization
% 
% ############### Network 0 ##############
% F0	|[0]4	|4	|4	|4	|4	|4	|4	|4	|4	|4	|[10]4	|	|	|	|	|	|	|	|	|	|[20]	|	|	|	|	|4	|4	|4	|4	|4	|[30]4	|4	|4	|4	|4	|4	|4	|4	|4	|4	|[40]4	|4	|4	|4	|4	|4	|4	|4	|4	|4	|[50]4	|4	|4	|4	|4	|4	|4	|4	|4	|4	|[60]4	|4	|4	|4	|4	|4	|4	|4	|4	|4	|[70]4	|4	|4	|4	|4	|4	|4	|4	|4	|4	|[80]4	|4	|4	|4	|4	|4	|4	|4	|4	|4	|[90]4	|4	|4	|4	|4	|4	|4	|4	|4	|4	|[100]4	|4	|4	|4	|4	|4	|4	|4	|4	|4	|[110]4	|4	|4	|4	|4	|4	|4	|4	|4	|4	|[120]4	|4	|4	|4	|4	|4	|4	|	|	|	|[130]	|	|	|	|	|	|	|	|	|	|[140]	|	|	|	|	|	|	|	|	|	|[150]	|	|	|	|	|	|	|	|	|	|[160]	|	|	|	|	|	|	|	|	|	|[170]	|	|	|	|	|	|	|	|	|	|[180]	|	|	|	|	|	|	|	|	|	|[190]	|	|	|	|	|	|	|	|	|	|
% ############### Network 1 ##############
% F0	|[0]	|	|	|	|	|	|	|	|	|	|[10]	|4	|4	|4	|4	|4	|4	|4	|4	|4	|[20]4	|4	|4	|4	|4	|	|	|	|	|	|[30]	|	|	|	|	|	|	|	|	|	|[40]	|	|	|	|	|	|	|	|	|	|[50]	|	|	|	|	|	|	|	|	|	|[60]	|	|	|	|	|	|	|	|	|	|[70]	|	|	|	|	|	|	|	|	|	|[80]	|	|	|	|	|	|	|	|	|	|[90]	|	|	|	|	|	|	|	|	|	|[100]	|	|	|	|	|	|	|	|	|	|[110]	|	|	|	|	|	|	|	|	|	|[120]	|	|	|	|	|	|	|	|	|	|[130]	|	|	|	|	|	|	|	|	|	|[140]	|	|	|	|	|	|	|	|	|	|[150]	|	|	|	|	|	|	|	|	|	|[160]	|	|	|	|	|	|	|	|	|	|[170]	|	|	|	|	|	|	|	|	|	|[180]	|	|	|	|	|	|	|	|	|	|[190]	|	|	|	|	|	|	|	|	|	|

