
% 2016-05-26 10:25:24

% my_logs\eval_4_4_3_c15\4_1_0\rep_10\Random_log.m
scheduling_duration_us = 64556;

% schedule
schedule_f_t_n(:,:,1) = [0; 0; 0; 0; 0; 0; 0; 0; 0; 0; 0; 0; 0; 0; 0; 0; 0; 0; 0; 0; 0; 0; 0; 0; 0; 0; 0; 0; 0; 0; 0; 0; 0; 0; 0; 0; 0; 0; 0; 0; 0; 0; 0; 0; 0; 0; 0; 0; 0; 0];
schedule_f_t_n(:,:,2) = [0; 0; 0; 0; 0; 0; 0; 0; 0; 0; 0; 0; 0; 0; 0; 0; 0; 0; 0; 0; 0; 0; 0; 0; 0; 0; 0; 0; 0; 0; 0; 0; 0; 0; 0; 0; 0; 0; 0; 0; 0; 0; 0; 0; 0; 0; 0; 0; 0; 0];
schedule_f_t_n(:,:,3) = [0; 0; 0; 0; 0; 0; 0; 0; 0; 0; 0; 0; 0; 0; 0; 0; 0; 0; 0; 0; 0; 0; 0; 0; 0; 0; 0; 0; 0; 0; 0; 0; 0; 0; 0; 0; 0; 0; 0; 0; 0; 0; 0; 0; 0; 0; 0; 0; 0; 0];
schedule_f_t_n(:,:,4) = [0; 0; 0; 0; 0; 0; 0; 0; 0; 0; 0; 0; 0; 0; 0; 0; 0; 0; 0; 0; 0; 0; 0; 0; 0; 0; 0; 0; 0; 0; 0; 0; 0; 0; 0; 0; 0; 0; 0; 0; 0; 0; 0; 0; 0; 0; 0; 0; 0; 0];
schedule_f_t_n(:,:,5) = [0; 0; 0; 0; 0; 0; 0; 0; 0; 0; 0; 0; 0; 0; 0; 0; 0; 0; 0; 0; 0; 0; 0; 0; 0; 0; 0; 0; 0; 0; 28; 28; 28; 28; 28; 28; 28; 28; 28; 28; 28; 0; 0; 0; 0; 0; 0; 0; 0; 0];
schedule_f_t_n(:,:,6) = [0; 0; 0; 0; 0; 0; 0; 0; 0; 0; 0; 0; 0; 0; 0; 0; 0; 0; 0; 0; 0; 0; 0; 0; 0; 0; 0; 0; 0; 0; 0; 0; 0; 0; 0; 0; 0; 0; 0; 0; 0; 0; 0; 0; 0; 0; 0; 0; 0; 0];
schedule_f_t_n(:,:,7) = [0; 0; 0; 0; 0; 0; 0; 0; 0; 0; 0; 0; 0; 0; 0; 0; 0; 0; 0; 0; 0; 0; 0; 0; 0; 0; 0; 0; 0; 0; 0; 0; 0; 0; 0; 0; 0; 0; 0; 0; 0; 0; 0; 0; 0; 0; 0; 0; 0; 0];
schedule_f_t_n(:,:,8) = [0; 0; 0; 0; 0; 0; 0; 0; 0; 0; 0; 0; 0; 0; 0; 0; 0; 0; 0; 0; 0; 0; 0; 0; 0; 0; 0; 0; 0; 0; 0; 0; 0; 0; 0; 0; 0; 0; 0; 0; 0; 0; 0; 0; 0; 0; 0; 0; 0; 0];
schedule_f_t_n(:,:,9) = [0; 0; 0; 0; 0; 0; 0; 0; 0; 0; 0; 0; 0; 0; 0; 0; 0; 0; 0; 0; 0; 0; 0; 0; 0; 0; 0; 0; 0; 0; 0; 0; 0; 0; 0; 0; 0; 0; 0; 0; 0; 0; 0; 0; 0; 0; 0; 0; 0; 0];
schedule_f_t_n(:,:,10) = [0; 0; 0; 0; 0; 0; 0; 0; 0; 0; 0; 0; 0; 0; 0; 0; 0; 0; 0; 0; 0; 0; 0; 0; 0; 0; 0; 0; 0; 0; 0; 0; 0; 0; 0; 0; 0; 0; 0; 0; 0; 0; 0; 0; 0; 0; 0; 0; 0; 0];
schedule_f_t_n(:,:,11) = [0; 0; 0; 0; 0; 0; 0; 0; 0; 0; 0; 0; 0; 0; 0; 0; 0; 0; 0; 0; 0; 0; 0; 0; 0; 0; 0; 0; 0; 0; 0; 0; 0; 0; 0; 0; 0; 0; 0; 0; 0; 0; 0; 0; 0; 0; 0; 0; 0; 0];
schedule_f_t_n(:,:,12) = [0; 0; 0; 0; 0; 0; 0; 0; 0; 0; 0; 0; 0; 0; 0; 0; 0; 0; 0; 0; 0; 0; 0; 0; 0; 0; 0; 0; 0; 0; 0; 0; 0; 0; 0; 0; 0; 0; 0; 0; 0; 0; 0; 0; 0; 0; 0; 0; 0; 0];
schedule_f_t_n(:,:,13) = [0; 0; 0; 0; 0; 0; 0; 0; 0; 0; 0; 0; 0; 0; 0; 0; 0; 0; 0; 0; 0; 0; 0; 0; 0; 0; 0; 0; 0; 0; 0; 0; 0; 0; 0; 0; 0; 0; 0; 0; 0; 28; 28; 28; 28; 28; 28; 28; 0; 0];
schedule_f_t_n(:,:,14) = [28; 28; 28; 28; 28; 28; 28; 28; 28; 28; 28; 28; 28; 28; 28; 28; 28; 28; 28; 28; 28; 28; 28; 28; 28; 28; 28; 28; 28; 28; 0; 0; 0; 0; 0; 0; 0; 0; 0; 0; 0; 0; 0; 0; 0; 0; 0; 0; 0; 0];
schedule_f_t_n(:,:,15) = [0; 0; 0; 0; 0; 0; 0; 0; 0; 0; 0; 0; 0; 0; 0; 0; 0; 0; 0; 0; 0; 0; 0; 0; 0; 0; 0; 0; 0; 0; 0; 0; 0; 0; 0; 0; 0; 0; 0; 0; 0; 0; 0; 0; 0; 0; 0; 0; 0; 0];
schedule_f_t_n(:,:,16) = [0; 0; 0; 0; 0; 0; 0; 0; 0; 0; 0; 0; 0; 0; 0; 0; 0; 0; 0; 0; 0; 0; 0; 0; 0; 0; 0; 0; 0; 0; 0; 0; 0; 0; 0; 0; 0; 0; 0; 0; 0; 0; 0; 0; 0; 0; 0; 0; 0; 0];

% cost function results
costTotal = 7845637;

% per run statistics
per_run_cost = [8576205, 7064109, 6974255, 8535363, 6714017, 8005232, 7296563, 7800383, 7581892, 8575151, 8317594, 6752622, 8650887, 6898353, 8490994, 8647734, 8605440, 7562181, 6893255, 8183266, 8603726, 7421521, 8516842, 8319966, 8576205, 8611578, 8576205, 8387067, 8320272, 8497664, 7606432, 8394419, 7795824, 6957042, 8581645, 7439296, 6948377, 8484042, 8609332, 8098592, 8484042, 8227292, 7062321, 8440931, 8523146, 7098454, 7968953, 6923798, 6701614, 7171054, 6675868, 7916958, 8344437, 8246980, 8024974, 8248420, 7840038, 7731450, 8164818, 7689480, 8576205, 8227382, 7612759, 6974069, 8507896, 8568151, 7420496, 8037788, 7296867, 5509113, 7417232, 8051070, 6539590, 8574432, 8083182, 8040765, 7820490, 8392321, 6971254, 8576205, 8323976, 8525689, 8266364, 8180308, 7614840, 6871763, 8396660, 8208822, 5970963, 6616962, 6374370, 8603726, 7845927, 7521331, 8125301, 8415195, 7001857, 8569205, 8110172, 7657724, 8180316, 8378857, 8045768, 8529587, 7143225, 8168575, 8539309, 7985259, 8204972, 8454189, 7983885, 8148015, 7216729, 7747788, 7857777, 7742622, 8385214, 8471217, 8262073, 8392413, 8111790, 8581645, 7481925, 8518844, 8383972, 8522427, 8578733, 6262685, 7001857, 8575151, 8477493, 6920849, 7379128, 7296350, 8603653, 6970436, 6991952, 6117608, 8398388, 8576205, 8372588, 7399890, 8576205, 8178258, 8437152, 6272135, 7541863, 7842005, 7886108, 7188389, 8581645, 7440185, 7966041, 8339858, 7244232, 6715256, 5666025, 7235722, 7857777, 7446695, 8581645, 8336837, 7979352, 8643842, 8324116, 8419059, 8375545, 6926701, 8066050, 6073515, 5830327, 8319966, 7761964, 7588357, 8417842, 8483682, 8597802, 7749053, 8441585, 7862377, 8396660, 8574432, 8522427, 7367620, 8410251, 8129043, 8647734, 6514512, 7654931, 6625041, 5748857, 8177634, 8336837, 8020653, 8535363, 8088835, 7182072, 7347327, 8244164, 7291590];
per_run_duration_us = [62361, 58135, 63389, 64387, 71590, 62036, 67374, 72731, 63443, 63566, 71895, 66066, 68059, 62644, 63862, 77790, 61981, 67624, 67951, 59002, 63934, 71761, 63985, 80916, 60573, 64966, 64620, 62141, 71363, 70678, 59709, 74082, 59574, 61173, 59094, 62841, 59076, 61326, 60858, 73154, 59679, 62172, 66375, 69665, 76473, 66453, 71909, 65169, 77322, 54959, 63881, 88791, 59276, 62491, 57252, 60513, 87175, 56725, 58508, 71166, 53839, 58507, 62792, 60859, 59864, 91327, 62630, 50219, 89108, 58293, 58586, 71992, 61249, 63251, 64401, 73446, 56867, 56709, 73685, 63000, 55793, 59982, 62999, 62243, 63410, 61290, 62410, 65021, 66404, 59134, 61241, 54635, 60450, 64946, 58318, 58720, 83599, 75162, 84779, 59161, 60654, 58673, 64330, 67247, 55541, 60544, 59814, 70623, 60525, 59782, 66144, 62475, 59384, 52285, 57539, 56189, 65491, 61584, 58977, 71389, 65273, 67144, 63710, 62431, 68218, 61867, 64566, 54661, 62964, 60376, 63427, 61330, 63272, 62136, 60602, 62286, 62256, 64131, 62654, 61675, 63289, 71459, 63658, 65913, 65275, 62103, 60653, 62610, 63796, 61482, 64111, 73951, 65136, 62458, 81673, 63315, 64064, 60089, 69184, 63818, 60358, 61732, 68222, 66245, 63910, 59507, 66381, 69278, 60986, 72418, 69680, 59742, 67318, 62644, 72615, 58718, 73076, 64635, 60331, 63571, 64117, 56950, 72000, 59359, 59041, 79786, 66707, 51557, 65734, 63007, 52460, 78702, 66451, 61549, 73775, 65697, 68611, 60604, 61033, 62476];

