
% 2016-05-25 16:31:06

% my_logs\eval_4_4_3_c15\4_1_0\rep_3\Random_log.m
scheduling_duration_us = 92731;

% schedule
schedule_f_t_n(:,:,1) = [0; 0; 0; 0; 0; 0; 0; 0; 0; 0; 0; 45; 45; 45; 45; 45; 25; 0; 0; 0; 0; 0; 0; 0; 0; 0; 0; 0; 0; 0; 0; 0; 0; 0; 0; 0; 0; 0; 0; 0; 0; 0; 0; 0; 0; 0; 0; 0; 0; 0];
schedule_f_t_n(:,:,2) = [45; 45; 45; 45; 0; 0; 0; 0; 0; 0; 0; 0; 0; 0; 0; 0; 0; 0; 0; 0; 0; 0; 0; 0; 0; 0; 0; 0; 0; 0; 0; 0; 0; 0; 0; 0; 0; 0; 0; 0; 0; 0; 0; 0; 0; 0; 0; 0; 0; 0];
schedule_f_t_n(:,:,3) = [0; 0; 0; 0; 0; 0; 0; 0; 0; 0; 0; 0; 0; 0; 0; 0; 0; 0; 0; 0; 0; 0; 0; 0; 0; 0; 0; 0; 0; 0; 0; 0; 0; 0; 0; 0; 0; 0; 0; 0; 0; 0; 0; 0; 3; 3; 3; 3; 3; 0];
schedule_f_t_n(:,:,4) = [0; 0; 0; 0; 0; 0; 0; 0; 0; 0; 0; 0; 0; 0; 0; 0; 0; 0; 0; 0; 0; 0; 0; 0; 0; 0; 0; 0; 0; 0; 0; 0; 0; 0; 0; 0; 0; 0; 0; 0; 0; 0; 0; 0; 0; 0; 0; 0; 0; 0];
schedule_f_t_n(:,:,5) = [0; 0; 0; 0; 45; 45; 0; 0; 0; 0; 0; 0; 0; 0; 0; 0; 0; 0; 0; 0; 0; 0; 37; 37; 37; 37; 37; 0; 0; 0; 0; 0; 0; 0; 0; 0; 0; 0; 0; 0; 0; 0; 0; 0; 0; 0; 0; 0; 0; 0];
schedule_f_t_n(:,:,6) = [0; 0; 0; 0; 0; 0; 0; 0; 0; 0; 0; 0; 0; 0; 0; 0; 0; 0; 0; 0; 0; 0; 0; 0; 0; 0; 0; 0; 0; 0; 0; 0; 0; 0; 0; 0; 0; 0; 0; 0; 30; 45; 45; 45; 0; 0; 0; 0; 0; 0];
schedule_f_t_n(:,:,7) = [0; 0; 0; 0; 0; 0; 0; 0; 0; 0; 0; 0; 0; 0; 0; 0; 0; 0; 0; 0; 0; 0; 0; 0; 0; 0; 0; 0; 0; 0; 0; 0; 0; 0; 0; 0; 0; 0; 0; 0; 0; 0; 0; 0; 0; 0; 0; 0; 0; 0];
schedule_f_t_n(:,:,8) = [0; 0; 0; 0; 0; 0; 0; 0; 0; 0; 0; 0; 0; 0; 0; 0; 0; 0; 0; 0; 0; 0; 0; 0; 0; 0; 0; 0; 0; 0; 0; 0; 0; 0; 0; 0; 0; 0; 0; 0; 0; 0; 0; 0; 0; 0; 0; 0; 0; 0];
schedule_f_t_n(:,:,9) = [0; 0; 0; 0; 0; 0; 0; 0; 0; 0; 0; 0; 0; 0; 0; 0; 0; 0; 0; 0; 0; 0; 0; 0; 0; 0; 0; 37; 37; 37; 37; 37; 37; 37; 37; 37; 37; 37; 45; 45; 15; 0; 0; 0; 0; 0; 0; 0; 0; 0];
schedule_f_t_n(:,:,10) = [0; 0; 0; 0; 0; 0; 0; 0; 0; 0; 0; 0; 0; 0; 0; 0; 0; 0; 0; 0; 0; 0; 0; 0; 0; 0; 0; 0; 0; 0; 0; 0; 0; 0; 0; 0; 0; 0; 0; 0; 0; 0; 0; 0; 0; 0; 0; 0; 0; 0];
schedule_f_t_n(:,:,11) = [0; 0; 0; 0; 0; 0; 0; 0; 0; 0; 0; 0; 0; 0; 0; 0; 0; 0; 0; 0; 0; 0; 0; 0; 0; 0; 0; 0; 0; 0; 0; 0; 0; 0; 0; 0; 0; 0; 0; 0; 0; 0; 0; 0; 11; 0; 0; 0; 0; 0];
schedule_f_t_n(:,:,12) = [0; 0; 0; 0; 0; 0; 0; 0; 0; 0; 0; 0; 0; 0; 0; 0; 0; 0; 0; 0; 0; 0; 0; 0; 0; 0; 0; 0; 0; 0; 0; 0; 0; 0; 0; 0; 0; 0; 0; 0; 0; 0; 0; 0; 0; 0; 0; 0; 0; 0];
schedule_f_t_n(:,:,13) = [0; 0; 0; 0; 0; 0; 45; 45; 45; 45; 37; 0; 0; 0; 0; 0; 0; 0; 0; 0; 37; 37; 0; 0; 0; 0; 0; 0; 0; 0; 0; 0; 0; 0; 0; 0; 0; 0; 0; 0; 0; 0; 0; 0; 0; 0; 0; 0; 0; 0];
schedule_f_t_n(:,:,14) = [0; 0; 0; 0; 0; 0; 0; 0; 0; 0; 0; 0; 0; 0; 0; 0; 0; 0; 0; 0; 0; 0; 0; 0; 0; 0; 0; 0; 0; 0; 0; 0; 0; 0; 0; 0; 0; 0; 0; 0; 0; 0; 0; 0; 0; 0; 0; 0; 0; 0];
schedule_f_t_n(:,:,15) = [0; 0; 0; 0; 0; 0; 0; 0; 0; 0; 8; 0; 0; 0; 0; 0; 8; 8; 8; 8; 8; 8; 8; 8; 8; 8; 8; 8; 8; 8; 8; 8; 8; 8; 8; 8; 8; 8; 0; 0; 0; 0; 0; 0; 0; 0; 0; 0; 0; 0];
schedule_f_t_n(:,:,16) = [0; 0; 0; 0; 0; 0; 0; 0; 0; 0; 0; 0; 0; 0; 0; 0; 12; 37; 37; 37; 0; 0; 0; 0; 0; 0; 0; 0; 0; 0; 0; 0; 0; 0; 0; 0; 0; 0; 0; 0; 0; 0; 0; 0; 0; 0; 0; 0; 0; 0];

% cost function results
costTotal = 6419491;

% per run statistics
per_run_cost = [6078206, 6515795, 6081296, 7334519, 5851958, 5443912, 6038489, 6690995, 7368197, 6591266, 6272321, 6845775, 6117571, 7474061, 6205886, 6126538, 7049263, 7275001, 6218935, 6849620, 5963084, 5562454, 7500065, 6771664, 7210094, 6967809, 5982209, 5368479, 6132592, 6597610, 4769564, 6812227, 7287280, 4586935, 6765232, 6981791, 7148698, 5710775, 6733987, 7216692, 6462514, 5873331, 6869961, 7498703, 7154433, 6528482, 5187704, 5389911, 5579624, 6643292, 7255684, 5231940, 6553916, 7418786, 6667182, 6989605, 6788909, 7127822, 5259137, 6405902, 7067885, 7015409, 6902857, 6849692, 6324904, 7181894, 7029427, 6227930, 5915665, 6614733, 5878124, 6187934, 6226680, 6325412, 5877744, 5990047, 5705582, 6665090, 4548229, 7167382, 6142177, 6289867, 7093370, 6022564, 6967641, 7239907, 3977861, 6116945, 6694601, 6644385, 6539328, 6744893, 7329146, 7277997, 5567957, 6427447, 5690686, 6137866, 6520977, 6534913, 6285905, 5874185, 6473867, 6473919, 6306208, 6363729, 6422875, 7333285, 7536304, 6560075, 6598232, 6874943, 5796843, 6994319, 7145732, 7221173, 7260800, 5352816, 5091076, 6761978, 5948693, 6642098, 6439991, 6819215, 6835045, 4541408, 7163764, 6564849, 6223217, 5550102, 5973348, 6629642, 6652875, 6485938, 6375157, 6693786, 5734843, 6083829, 5914353, 5628691, 6322362, 7140351, 5779859, 7539273, 6033590, 7224532, 6029042, 7061849, 6464184, 7170910, 7447453, 6149382, 7470873, 6295676, 7255711, 6299242, 6187133, 6966795, 6959151, 6430030, 6177033, 5952534, 6959631, 5780838, 5073258, 6566019, 6839938, 5200453, 5546067, 5996027, 4767162, 6237052, 5434830, 6912331, 6162359, 6986987, 5129960, 5320234, 7081729, 6787484, 6619672, 7062324, 7329146, 7132102, 5900662, 6446712, 6914574, 7307896, 7533449, 5911156, 5761233, 6695167, 5909064, 5545282, 5721454, 5882886, 6245585, 6256252, 6914866, 6991548];
per_run_duration_us = [67293, 100880, 73683, 65550, 74767, 82533, 89398, 86855, 112554, 96695, 63850, 75541, 85634, 71033, 67649, 70167, 85583, 89562, 91985, 71491, 74941, 84486, 75117, 92786, 101371, 104767, 98492, 105193, 95739, 91808, 90726, 87644, 89101, 101316, 95595, 96620, 87088, 99600, 90064, 91549, 96156, 97672, 96503, 91967, 99462, 90485, 102626, 107330, 101721, 84581, 91113, 91239, 103102, 91330, 93705, 98203, 96505, 98636, 89078, 85721, 87498, 96628, 93500, 106142, 87586, 93077, 87384, 93781, 97077, 88111, 86728, 101903, 96916, 89317, 90250, 90408, 81978, 89294, 90158, 95348, 89881, 88118, 96210, 87278, 96863, 94828, 99629, 89525, 93087, 93836, 83247, 98442, 93926, 82006, 94046, 94005, 88993, 84450, 82094, 95579, 79876, 86921, 97187, 107575, 93025, 89241, 94521, 86300, 95804, 95132, 93703, 90331, 94102, 90982, 99317, 104620, 99545, 94363, 91776, 85885, 98665, 103725, 121821, 97732, 93153, 114161, 90147, 91029, 98916, 108824, 101237, 81193, 89206, 80766, 93491, 105295, 93633, 94133, 90301, 84056, 85697, 90666, 85055, 101467, 98801, 92530, 98107, 87599, 96347, 91485, 111002, 92031, 90171, 86086, 82579, 100210, 85626, 89126, 106815, 141542, 88859, 103221, 113284, 93204, 97924, 105443, 94069, 92627, 102687, 104745, 112066, 90178, 91418, 107200, 88026, 86544, 93793, 94841, 96141, 88260, 83532, 86279, 88178, 108396, 94440, 87222, 91237, 86352, 107297, 91088, 99425, 84875, 91156, 83918, 115961, 81764, 84825, 87294, 91778, 89028];

