% t_n_i
% time:
generate_model = 28483;
duration_to_solve_model_us = 290;
create_model = 173;
% allocatedChunks
allocatedChunks(:,:,1) = [5, 0; 5, 0; 5, 0; 5, 0; 5, 0; 5, 0; 5, 0; 5, 0; 5, 0; 5, 0; 5, 0; 5, 0; 5, 0; 0, 5; 0, 5; 0, 5; 0, 5; 0, 5; 0, 5; 0, 5; 0, 5; 0, 5; 0, 5; 5, 0; 5, 0; 5, 0; 5, 0; 5, 0; 5, 0; 5, 0; 5, 0; 5, 0; 5, 0; 5, 0; 5, 0; 0, 0; 0, 0; 0, 0; 0, 0; 0, 0; 0, 0; 0, 0; 0, 0; 0, 0; 0, 0; 0, 0; 0, 0; 0, 0; 0, 0; 0, 0];
allocatedChunks(:,:,2) = [0, 0; 0, 0; 0, 0; 0, 0; 0, 0; 0, 0; 0, 0; 0, 0; 0, 0; 0, 0; 0, 0; 0, 0; 0, 0; 0, 12; 0, 0; 0, 0; 0, 25; 0, 0; 0, 0; 0, 0; 0, 0; 0, 0; 0, 0; 0, 0; 0, 0; 0, 0; 0, 0; 0, 0; 0, 0; 0, 0; 0, 0; 0, 0; 0, 0; 0, 0; 0, 0; 0, 0; 0, 0; 0, 0; 0, 0; 0, 0; 0, 0; 0, 0; 0, 0; 0, 0; 0, 0; 0, 0; 0, 0; 0, 0; 0, 0; 0, 0];
% non_allocated
non_allocated = [0, 0];
% dl_vio
dl_vio = [0, 0];
% st_vio
st_vio = [0, 0];
% vioThroughput
vioThroughput = [750000, 0];
% non_allo_vio
non_allo_vio = [0, 0];
% nChunks
nChunks = [175, 37];
% prefStartTime
prefStartTime = [0, 25];
% deadline
deadline = [35, 26];
% availBW
availBW = [20, 20, 20, 20, 20, 20, 20, 20, 20, 20, 20, 20, 20, 20, 20, 20, 20, 20, 20, 20, 20, 20, 20, 20, 20, 20, 20, 20, 20, 20, 20, 20, 20, 20, 20, 20, 20, 20, 20, 20, 20, 20, 20, 20, 20, 20, 20, 20, 20, 20; 0, 0, 0, 0, 0, 0, 0, 0, 0, 0, 0, 0, 0, 17, 34, 51, 51, 51, 51, 51, 51, 34, 17, 0, 0, 0, 0, 0, 0, 0, 0, 0, 0, 0, 0, 0, 0, 0, 0, 0, 0, 0, 0, 0, 0, 0, 0, 0, 0, 0];

