% t_n_i
% time:
generate_model = 1920;
duration_to_solve_model_us = 166;
create_model = 12;
% allocatedChunks
allocatedChunks(:,:,1) = [5, 0; 5, 0; 5, 0; 5, 0; 5, 0; 5, 0; 5, 0; 0, 5; 0, 5; 0, 5; 0, 5; 0, 5; 0, 5; 0, 5; 0, 5; 0, 5; 0, 5; 5, 0; 5, 0; 5, 0; 5, 0; 5, 0; 5, 0; 5, 0; 5, 0];
allocatedChunks(:,:,2) = [0, 0; 0, 0; 0, 0; 0, 0; 0, 0; 0, 0; 0, 0; 0, 0; 0, 35; 0, 0; 0, 0; 0, 0; 0, 0; 0, 0; 0, 0; 0, 0; 0, 0; 0, 0; 0, 0; 0, 0; 0, 0; 0, 0; 0, 0; 0, 0; 0, 0];
% non_allocated
non_allocated = [45, 0];
% dl_vio
dl_vio = [0, 0];
% st_vio
st_vio = [0, 0];
% vioThroughput
vioThroughput = [0, 0];
% non_allo_vio
non_allo_vio = [2520, 0];
% nChunks
nChunks = [170, 35];
% prefStartTime
prefStartTime = [0, 12];
% deadline
deadline = [34, 13];
% availBW
availBW = [23, 23, 23, 23, 23, 23, 23, 23, 23, 23, 23, 23, 23, 23, 23, 23, 23, 23, 23, 23, 23, 23, 23, 23, 23; 0, 0, 0, 0, 0, 0, 0, 23, 47, 71, 71, 71, 71, 71, 71, 47, 23, 0, 0, 0, 0, 0, 0, 0, 0];

