
% 2015-10-17 01:04:23

% my_logs\longTest1\0_0_1\rep_22\random_log.m
scheduling_duration_us = 1765;

% schedule
schedule_f_t_n(:,:,1) = [5, 0; 5, 0; 5, 0; 5, 0; 0, 5; 0, 5; 0, 5; 0, 5; 5, 0; 0, 5; 5, 0; 0, 5; 0, 5; 5, 0; 5, 0; 5, 0; 5, 0; 5, 0; 5, 0; 5, 0; 5, 0; 5, 0; 5, 0; 5, 0; 0, 0];

% cost function results
costTotal = 365934;

