
% 2015-10-17 12:34:57

% my_logs\longTest1\0_2_1\rep_15\priority_log.m
scheduling_duration_us = 33377;

% schedule
schedule_f_t_n(:,:,1) = [6, 0; 6, 0; 6, 0; 6, 0; 6, 0; 6, 0; 6, 0; 6, 0; 6, 0; 6, 0; 6, 0; 6, 0; 6, 0; 6, 0; 6, 0; 6, 0; 6, 0; 6, 0; 6, 0; 6, 0; 6, 0; 6, 0; 6, 0; 6, 0; 6, 0; 6, 0; 6, 0; 6, 0; 6, 0; 6, 0; 6, 0; 6, 0; 6, 0; 6, 0; 6, 0; 6, 0; 6, 0; 6, 0; 6, 0; 6, 0; 6, 0; 6, 0; 6, 0; 6, 0; 6, 0; 6, 0; 6, 0; 6, 0; 6, 0; 6, 0; 6, 0; 6, 0; 6, 0; 6, 0; 6, 0; 6, 0; 6, 0; 6, 0; 6, 0; 6, 0; 6, 0; 6, 0; 6, 0; 0, 6; 0, 6; 0, 6; 0, 6; 0, 6; 0, 6; 0, 6; 0, 6; 0, 6; 0, 6; 0, 6; 0, 6; 0, 6; 0, 6; 0, 0; 0, 0; 0, 0; 0, 0; 0, 0; 0, 0; 0, 0; 0, 0; 0, 0; 0, 0; 0, 0; 0, 0; 0, 0; 0, 0; 0, 0; 0, 0; 0, 0; 0, 0; 0, 0; 0, 0; 0, 0; 0, 0; 0, 0];

% cost function results
vioSt = [0];
vioDl = [0];
vioNon = [0];
vioTpMin = [0, 0, 0, 0, 0, 0, 0, 0, 0, 0, 0, 0, 0, 0, 0, 0, 0, 0, 0, 0, 0, 0, 0, 0, 0, 0, 0, 0, 0, 0, 0, 0, 0, 0, 0, 0, 0, 0, 0, 0, 0, 0, 0, 0, 0, 0, 0, 0, 0, 0, 0, 0, 0, 0, 0, 0, 0, 0, 0, 0, 0, 0, 0, 0, 0, 0, 0, 0, 0, 0, 0, 0, 0, 0, 0, 0, 0, 0, 0, 0, 0, 0, 0, 0, 0, 0, 0, 0, 0, 0, 0, 0, 0, 0, 0, 0, 0, 0, 0, 0];
vioTp = [0];
vioLcy = [111636];
vioJit = [44352];
cost_vio = 1403892;
cost_switches = 200;
cost_ch = 5166;
costTotal = 1409258;

% priority
% 
% ############### Network 0 ##############
% F0	|[0]6	|6	|6	|6	|6	|6	|6	|6	|6	|6	|[10]6	|6	|6	|6	|6	|6	|6	|6	|6	|6	|[20]6	|6	|6	|6	|6	|6	|6	|6	|6	|6	|[30]6	|6	|6	|6	|6	|6	|6	|6	|6	|6	|[40]6	|6	|6	|6	|6	|6	|6	|6	|6	|6	|[50]6	|6	|6	|6	|6	|6	|6	|6	|6	|6	|[60]6	|6	|6	|	|	|	|	|	|	|	|[70]	|	|	|	|	|	|	|	|	|	|[80]	|	|	|	|	|	|	|	|	|	|[90]	|	|	|	|	|	|	|	|	|	|
% ############### Network 1 ##############
% F0	|[0]	|	|	|	|	|	|	|	|	|	|[10]	|	|	|	|	|	|	|	|	|	|[20]	|	|	|	|	|	|	|	|	|	|[30]	|	|	|	|	|	|	|	|	|	|[40]	|	|	|	|	|	|	|	|	|	|[50]	|	|	|	|	|	|	|	|	|	|[60]	|	|	|6	|6	|6	|6	|6	|6	|6	|[70]6	|6	|6	|6	|6	|6	|6	|	|	|	|[80]	|	|	|	|	|	|	|	|	|	|[90]	|	|	|	|	|	|	|	|	|	|

