% t_n_i
% time:
generate_model = 1768;
duration_to_solve_model_us = 145;
create_model = 22;
% allocatedChunks
allocatedChunks(:,:,1) = [5, 0; 5, 0; 0, 5; 0, 5; 0, 5; 0, 5; 0, 5; 0, 5; 0, 5; 5, 0; 5, 0; 5, 0; 5, 0; 5, 0; 5, 0; 5, 0; 5, 0; 5, 0; 5, 0; 5, 0; 5, 0; 5, 0; 5, 0; 5, 0; 5, 0];
allocatedChunks(:,:,2) = [0, 0; 0, 0; 0, 0; 0, 0; 0, 35; 0, 0; 0, 0; 0, 0; 0, 0; 0, 0; 0, 0; 0, 0; 0, 0; 0, 0; 0, 0; 0, 0; 0, 0; 0, 0; 0, 0; 0, 0; 0, 0; 0, 0; 0, 0; 0, 0; 0, 0];
allocatedChunks(:,:,3) = [0, 0; 0, 0; 0, 0; 0, 0; 0, 12; 0, 0; 0, 0; 0, 0; 0, 0; 0, 0; 0, 0; 0, 0; 0, 0; 0, 0; 0, 0; 0, 0; 0, 0; 0, 0; 0, 0; 0, 0; 0, 0; 0, 0; 0, 0; 0, 0; 0, 0];
allocatedChunks(:,:,4) = [0, 0; 0, 0; 0, 0; 0, 0; 0, 0; 0, 0; 0, 0; 0, 0; 0, 0; 0, 0; 0, 0; 0, 0; 0, 0; 30, 0; 30, 0; 30, 0; 30, 0; 30, 0; 30, 0; 30, 0; 30, 0; 30, 0; 30, 0; 30, 0; 30, 0];
% non_allocated
non_allocated = [50, 0, 0, 90];
% dl_vio
dl_vio = [0, 0, 0, 0];
% st_vio
st_vio = [0, 0, 0, 1800];
% vioThroughput
vioThroughput = [0, 0, 0, 0];
% non_allo_vio
non_allo_vio = [2800, 0, 0, 3780];
% nChunks
nChunks = [175, 35, 12, 450];
% prefStartTime
prefStartTime = [0, 6, 0, 18];
% deadline
deadline = [35, 7, 100000, 48];
% availBW
availBW = [35, 35, 35, 35, 35, 35, 35, 35, 35, 35, 35, 35, 35, 35, 35, 35, 35, 35, 35, 35, 35, 35, 35, 35, 35; 0, 0, 33, 67, 67, 67, 67, 67, 33, 0, 0, 0, 0, 0, 0, 0, 0, 0, 0, 0, 0, 0, 0, 0, 0];

