% t_n_i
% time:
generate_model = 21050;
duration_to_solve_model_us = 220;
create_model = 170;
% allocatedChunks
allocatedChunks(:,:,1) = [5, 0, 0, 0; 5, 0, 0, 0; 5, 0, 0, 0; 5, 0, 0, 0; 5, 0, 0, 0; 5, 0, 0, 0; 5, 0, 0, 0; 0, 5, 0, 0; 0, 5, 0, 0; 0, 5, 0, 0; 0, 5, 0, 0; 0, 5, 0, 0; 0, 5, 0, 0; 0, 5, 0, 0; 0, 5, 0, 0; 0, 5, 0, 0; 0, 5, 0, 0; 0, 5, 0, 0; 5, 0, 0, 0; 5, 0, 0, 0; 5, 0, 0, 0; 5, 0, 0, 0; 5, 0, 0, 0; 5, 0, 0, 0; 0, 0, 5, 0; 0, 0, 5, 0; 0, 0, 5, 0; 0, 0, 0, 5; 0, 0, 0, 5; 0, 0, 0, 5; 0, 0, 0, 5; 0, 0, 0, 5; 0, 0, 0, 5; 0, 0, 0, 5; 5, 0, 0, 0; 5, 0, 0, 0; 5, 0, 0, 0; 5, 0, 0, 0; 5, 0, 0, 0; 5, 0, 0, 0; 5, 0, 0, 0; 5, 0, 0, 0; 5, 0, 0, 0; 5, 0, 0, 0; 5, 0, 0, 0; 5, 0, 0, 0; 5, 0, 0, 0; 5, 0, 0, 0; 0, 0, 0, 0; 0, 0, 0, 0];
% non_allocated
non_allocated = [0];
% dl_vio
dl_vio = [0];
% st_vio
st_vio = [0];
% vioThroughput
vioThroughput = [100000];
% non_allo_vio
non_allo_vio = [0];
% nChunks
nChunks = [240];
% prefStartTime
prefStartTime = [0];
% deadline
deadline = [48];
% availBW
availBW = [35, 35, 35, 35, 35, 35, 35, 35, 35, 35, 35, 35, 35, 35, 35, 35, 35, 35, 35, 35, 35, 35, 35, 35, 35, 35, 35, 35, 35, 35, 35, 35, 35, 35, 35, 35, 35, 35, 35, 35, 35, 35, 35, 35, 35, 35, 35, 35, 35, 35; 0, 0, 0, 0, 0, 0, 0, 24, 49, 74, 74, 74, 74, 74, 74, 74, 49, 24, 0, 0, 0, 0, 0, 0, 0, 0, 0, 0, 0, 0, 0, 0, 0, 0, 0, 0, 0, 0, 0, 0, 0, 0, 0, 0, 0, 0, 0, 0, 0, 0; 0, 0, 0, 0, 0, 0, 0, 0, 0, 0, 0, 0, 0, 0, 0, 0, 0, 0, 0, 0, 0, 0, 0, 0, 17, 34, 34, 34, 34, 34, 17, 0, 0, 0, 0, 0, 0, 0, 0, 0, 0, 0, 0, 0, 0, 0, 0, 0, 0, 0; 0, 0, 0, 0, 0, 0, 0, 0, 0, 0, 0, 0, 0, 0, 0, 0, 0, 0, 0, 0, 0, 0, 0, 0, 0, 0, 0, 31, 62, 62, 62, 62, 62, 31, 0, 0, 0, 0, 0, 0, 0, 0, 0, 0, 0, 0, 0, 0, 0, 0];

