
% 2015-10-17 01:04:23

% my_logs\longTest1\0_0_1\rep_21\random_log.m
scheduling_duration_us = 958;

% schedule
schedule_f_t_n(:,:,1) = [6, 0; 6, 0; 6, 0; 6, 0; 0, 6; 6, 0; 0, 6; 0, 6; 6, 0; 6, 0; 6, 0; 6, 0; 6, 0; 2, 0; 0, 0; 0, 0; 0, 0; 0, 0; 0, 0; 0, 0; 0, 0; 0, 0; 0, 0; 0, 0; 0, 0];

% cost function results
costTotal = 190448;

