
% 2015-10-17 01:23:36

% my_logs\longTest1\0_1_1\rep_27\random_log.m
scheduling_duration_us = 6113;

% schedule
schedule_f_t_n(:,:,1) = [6, 0; 6, 0; 6, 0; 6, 0; 6, 0; 6, 0; 6, 0; 6, 0; 6, 0; 6, 0; 6, 0; 6, 0; 6, 0; 6, 0; 0, 6; 6, 0; 0, 6; 6, 0; 0, 6; 6, 0; 6, 0; 6, 0; 6, 0; 0, 6; 6, 0; 6, 0; 0, 6; 6, 0; 6, 0; 6, 0; 6, 0; 6, 0; 6, 0; 6, 0; 6, 0; 5, 0; 0, 0; 0, 0; 0, 0; 0, 0; 0, 0; 0, 0; 0, 0; 0, 0; 0, 0; 0, 0; 0, 0; 0, 0; 0, 0; 0, 0];

% cost function results
costTotal = 516985;

