
% 2015-10-17 01:04:27

% my_logs\longTest1\1_0_1\rep_4\priorityMatch_log.m
scheduling_duration_us = 3847;

% schedule
schedule_f_t_n(:,:,1) = [6, 0; 6, 0; 6, 0; 6, 0; 6, 0; 6, 0; 6, 0; 6, 0; 6, 0; 6, 0; 0, 6; 0, 6; 0, 6; 0, 6; 0, 6; 0, 6; 0, 6; 0, 6; 0, 6; 0, 6; 0, 6; 4, 0; 0, 0; 0, 0; 0, 0];
schedule_f_t_n(:,:,2) = [0, 0; 0, 0; 0, 0; 0, 0; 0, 0; 0, 0; 0, 0; 0, 0; 0, 0; 0, 0; 0, 7; 0, 18; 0, 0; 0, 0; 0, 0; 0, 0; 0, 0; 0, 0; 0, 0; 0, 0; 0, 0; 0, 0; 0, 0; 0, 0; 0, 0];

% cost function results
vioSt = [0, 0];
vioDl = [0, 0];
vioNon = [0, 0];
vioTpMin = [0, 0, 0, 0, 0, 0, 0, 0, 0, 0, 0, 0, 0, 0, 0, 0, 0, 0, 0, 0, 0, 0, 4, 4, 0; 0, 0, 0, 0, 0, 0, 0, 0, 0, 0, 0, 0, 0, 0, 0, 0, 0, 0, 0, 0, 0, 0, 0, 0, 0];
vioTp = [800, 0];
vioLcy = [25088, 0];
vioJit = [27832, 0];
cost_vio = 537200;
cost_switches = 400;
cost_ch = 812;
costTotal = 538412;

% priorityMatch
% 
% ############### Network 0 ##############
% F0	|[0]6	|6	|6	|6	|6	|6	|6	|6	|6	|6	|[10]	|	|	|	|	|	|	|	|	|	|[20]	|4	|	|	|	|
% ############### Network 1 ##############
% F0	|[0]	|	|	|	|	|	|	|	|	|	|[10]6	|6	|6	|6	|6	|6	|6	|6	|6	|6	|[20]6	|	|	|	|	|
% F1	|[0]	|	|	|	|	|	|	|	|	|	|[10]7	|18	|	|	|	|	|	|	|	|	|[20]	|	|	|	|	|

