
% 2016-05-25 16:32:19

% my_logs\eval_4_4_3_c15\4_1_0\rep_8\Random_log.m
scheduling_duration_us = 82858;

% schedule
schedule_f_t_n(:,:,1) = [0; 0; 0; 0; 0; 0; 0; 0; 0; 0; 0; 0; 0; 0; 0; 0; 0; 0; 0; 0; 0; 0; 0; 0; 0; 0; 0; 0; 0; 0; 0; 0; 0; 0; 0; 0; 0; 0; 0; 0; 0; 0; 0; 0; 0; 0; 0; 0; 0; 0];
schedule_f_t_n(:,:,2) = [0; 0; 0; 0; 0; 0; 0; 0; 0; 0; 0; 0; 0; 0; 0; 0; 0; 0; 0; 0; 0; 0; 0; 0; 0; 0; 0; 0; 0; 0; 0; 0; 0; 0; 0; 0; 0; 0; 0; 0; 0; 0; 0; 0; 0; 0; 0; 0; 0; 0];
schedule_f_t_n(:,:,3) = [22; 0; 0; 0; 0; 0; 0; 0; 0; 0; 0; 0; 0; 0; 0; 0; 0; 0; 0; 0; 0; 0; 0; 0; 0; 0; 0; 0; 0; 0; 0; 0; 0; 0; 0; 0; 0; 0; 0; 0; 0; 0; 0; 0; 0; 0; 0; 0; 0; 0];
schedule_f_t_n(:,:,4) = [0; 0; 0; 0; 0; 0; 0; 0; 0; 0; 0; 0; 0; 0; 0; 0; 0; 0; 0; 0; 0; 0; 0; 0; 0; 0; 0; 28; 28; 28; 28; 28; 28; 28; 0; 0; 0; 0; 0; 0; 0; 0; 0; 0; 0; 0; 0; 0; 0; 0];
schedule_f_t_n(:,:,5) = [0; 0; 0; 0; 0; 0; 0; 0; 21; 35; 35; 0; 0; 0; 0; 0; 0; 33; 35; 35; 35; 33; 0; 0; 0; 0; 0; 0; 0; 0; 0; 0; 0; 0; 0; 0; 0; 0; 0; 0; 0; 0; 0; 0; 0; 0; 0; 0; 0; 0];
schedule_f_t_n(:,:,6) = [17; 0; 0; 0; 0; 0; 0; 0; 0; 0; 0; 0; 0; 0; 0; 0; 0; 0; 0; 0; 0; 2; 35; 35; 35; 0; 0; 0; 0; 0; 0; 0; 0; 0; 24; 24; 24; 24; 0; 0; 0; 0; 0; 0; 0; 0; 0; 0; 0; 0];
schedule_f_t_n(:,:,7) = [0; 0; 0; 0; 0; 0; 0; 0; 0; 0; 0; 0; 0; 0; 0; 0; 0; 0; 0; 0; 0; 0; 0; 0; 0; 11; 11; 11; 11; 11; 11; 11; 11; 11; 11; 11; 11; 11; 11; 0; 0; 0; 0; 0; 0; 0; 0; 0; 0; 0];
schedule_f_t_n(:,:,8) = [0; 0; 0; 0; 0; 0; 0; 0; 0; 0; 0; 0; 0; 0; 0; 0; 0; 0; 0; 0; 0; 0; 0; 0; 0; 24; 24; 0; 0; 0; 0; 0; 0; 0; 0; 0; 0; 0; 0; 0; 0; 0; 0; 0; 0; 0; 0; 0; 0; 0];
schedule_f_t_n(:,:,9) = [0; 0; 0; 0; 0; 0; 0; 0; 0; 0; 0; 35; 35; 35; 35; 35; 35; 2; 0; 0; 0; 0; 0; 0; 0; 0; 0; 0; 0; 0; 0; 0; 0; 0; 0; 0; 0; 0; 0; 0; 0; 0; 0; 0; 0; 0; 0; 0; 0; 0];
schedule_f_t_n(:,:,10) = [0; 0; 0; 0; 0; 0; 0; 0; 0; 0; 0; 0; 0; 0; 0; 0; 0; 0; 0; 0; 0; 0; 0; 0; 0; 0; 0; 0; 0; 0; 0; 0; 0; 0; 0; 0; 0; 0; 0; 0; 0; 0; 0; 0; 0; 0; 0; 0; 0; 0];
schedule_f_t_n(:,:,11) = [0; 0; 0; 0; 0; 0; 0; 0; 0; 0; 0; 0; 0; 0; 0; 0; 0; 0; 0; 0; 0; 0; 0; 0; 0; 0; 0; 0; 0; 0; 0; 0; 0; 0; 0; 0; 0; 0; 0; 0; 0; 0; 0; 0; 0; 0; 0; 0; 0; 0];
schedule_f_t_n(:,:,12) = [0; 0; 0; 0; 0; 0; 0; 0; 0; 0; 0; 0; 0; 0; 0; 0; 0; 0; 0; 0; 0; 0; 0; 0; 0; 0; 0; 0; 0; 0; 0; 0; 0; 0; 0; 0; 0; 0; 0; 0; 35; 35; 35; 35; 35; 39; 39; 39; 0; 0];
schedule_f_t_n(:,:,13) = [0; 39; 39; 39; 39; 39; 39; 39; 14; 0; 0; 0; 0; 0; 0; 0; 0; 0; 0; 0; 0; 0; 0; 0; 0; 0; 0; 0; 0; 0; 0; 0; 0; 0; 0; 0; 0; 0; 0; 0; 0; 0; 0; 0; 0; 0; 0; 0; 0; 0];
schedule_f_t_n(:,:,14) = [0; 0; 0; 0; 0; 0; 0; 0; 0; 0; 0; 0; 0; 0; 0; 0; 0; 0; 0; 0; 0; 0; 0; 0; 0; 0; 0; 0; 0; 0; 0; 0; 0; 0; 0; 0; 0; 0; 0; 0; 0; 0; 0; 0; 0; 0; 0; 0; 0; 0];
schedule_f_t_n(:,:,15) = [0; 0; 0; 0; 0; 0; 0; 0; 4; 4; 4; 4; 4; 4; 4; 4; 4; 4; 4; 4; 4; 4; 4; 4; 4; 4; 4; 0; 0; 0; 0; 0; 0; 0; 4; 4; 4; 4; 4; 4; 4; 4; 4; 4; 4; 0; 0; 0; 0; 0];
schedule_f_t_n(:,:,16) = [0; 0; 0; 0; 0; 0; 0; 0; 0; 0; 0; 0; 0; 0; 0; 0; 0; 0; 0; 0; 0; 0; 0; 0; 0; 0; 0; 0; 0; 0; 0; 0; 0; 0; 0; 0; 0; 0; 24; 35; 0; 0; 0; 0; 0; 0; 0; 0; 0; 0];

% cost function results
costTotal = 5524282;

% per run statistics
per_run_cost = [4321848, 6570039, 5099412, 4896218, 6650094, 3776314, 5107416, 5651897, 6476117, 6437482, 3983315, 5877597, 5704238, 6441508, 5169172, 4427372, 5524826, 6370503, 5231104, 6397724, 6189593, 5991966, 6028667, 6759386, 5292560, 6294831, 6608543, 6647550, 5030013, 3287777, 4096248, 6637841, 6605393, 6454686, 6126990, 6563762, 3412368, 6794724, 6712306, 4032798, 6333029, 6309917, 3927459, 6412966, 4126227, 6021520, 5191814, 3650270, 4055856, 5118663, 4974195, 4053325, 4234650, 6220339, 4210255, 3779611, 5632812, 6439786, 5342235, 6098904, 4445371, 5423112, 5377375, 6701661, 4819913, 3790452, 5405152, 6090372, 4502952, 5093121, 5725985, 5295965, 6273760, 6165963, 4464298, 5564803, 4664535, 4490660, 6777174, 4900799, 6391216, 6340157, 6698577, 5857806, 5218563, 5485360, 5168866, 5113997, 6450303, 6561061, 6725377, 5535957, 6063349, 6347030, 4567178, 6634720, 6485884, 5071409, 6698954, 6011557, 6650194, 3009221, 3499586, 5299118, 5355506, 6138620, 6113400, 6192364, 5670766, 3539273, 4098244, 4371862, 4095807, 6644627, 6411528, 6510024, 6623770, 3165536, 5472142, 5957864, 4716697, 6036582, 4259664, 6357192, 5997597, 5482297, 4670975, 4073817, 4455840, 6300934, 6427938, 5504969, 4954391, 4417552, 5279370, 4213731, 5839386, 6752698, 6695132, 6690501, 5542569, 6449430, 6702763, 6778790, 6706294, 5080204, 5659517, 5271551, 6580740, 5688764, 5193281, 5224442, 5326859, 6196568, 6161651, 5455749, 5774857, 6364899, 5550324, 6609843, 6297862, 5260070, 4485974, 6216034, 6436931, 5792802, 4015000, 4751570, 5109274, 6317939, 6726905, 5083728, 5903143, 6393806, 6636523, 5044746, 5418933, 6038990, 5574515, 3181872, 6201987, 5393969, 5903916, 5996647, 3665767, 5939621, 4987252, 6149411, 5688438, 4704876, 5123283, 4325186, 6660798, 5557384, 5190470, 6688914, 4331487, 5969883, 5743749, 4464192];
per_run_duration_us = [91702, 81740, 84647, 88907, 87763, 126372, 88178, 90032, 87203, 179868, 88451, 93735, 86812, 84705, 95412, 93058, 92908, 86676, 89090, 87042, 86915, 85175, 95227, 104300, 210223, 122097, 86632, 81068, 84576, 97101, 87467, 87116, 127549, 86446, 84665, 77443, 90583, 95552, 92236, 90580, 107502, 85125, 89904, 89792, 90607, 83494, 156035, 95247, 80214, 94757, 80625, 83399, 82512, 86607, 80551, 95592, 77482, 128352, 77170, 79191, 78876, 79300, 83077, 77165, 100447, 85660, 87538, 79724, 93800, 89751, 68261, 75244, 70876, 77562, 74049, 71481, 73215, 76271, 88901, 109897, 84040, 69597, 102056, 81474, 81204, 75861, 80784, 99932, 100525, 74255, 81985, 68575, 70655, 102025, 69213, 77589, 80904, 101604, 78298, 81751, 83454, 73572, 67437, 68617, 73039, 70924, 65638, 69488, 83570, 91371, 77172, 73987, 75101, 84144, 80342, 70481, 81618, 83462, 110933, 69154, 74878, 81987, 90158, 79127, 76502, 78715, 85263, 93809, 64873, 84014, 69105, 71509, 70115, 72354, 69373, 69341, 73358, 70449, 78814, 80903, 73244, 79296, 77590, 76677, 73228, 74532, 71002, 77575, 74886, 68399, 84303, 73334, 69583, 101982, 67135, 76914, 94932, 83903, 68287, 72406, 68317, 86692, 82500, 106602, 68963, 73646, 69914, 85902, 92189, 81635, 76126, 72982, 66688, 63055, 63278, 79659, 68702, 77106, 69957, 76047, 73615, 61316, 73849, 71015, 67308, 71784, 69096, 63478, 69678, 67760, 69214, 67009, 69939, 68779, 72904, 66816, 67229, 68639, 72518, 77409];

