
% 2015-10-17 01:29:09

% my_logs\longTest1\0_1_2\rep_7\priorityMatch_log.m
scheduling_duration_us = 39377;

% schedule
schedule_f_t_n(:,:,1) = [6, 0, 0, 0; 6, 0, 0, 0; 6, 0, 0, 0; 6, 0, 0, 0; 6, 0, 0, 0; 6, 0, 0, 0; 6, 0, 0, 0; 6, 0, 0, 0; 6, 0, 0, 0; 0, 0, 6, 0; 0, 0, 6, 0; 0, 0, 6, 0; 0, 0, 6, 0; 0, 0, 6, 0; 0, 0, 6, 0; 0, 0, 6, 0; 6, 0, 0, 0; 6, 0, 0, 0; 6, 0, 0, 0; 6, 0, 0, 0; 6, 0, 0, 0; 6, 0, 0, 0; 6, 0, 0, 0; 6, 0, 0, 0; 6, 0, 0, 0; 6, 0, 0, 0; 6, 0, 0, 0; 0, 0, 0, 6; 0, 0, 0, 6; 0, 0, 0, 6; 0, 0, 0, 6; 0, 0, 0, 6; 0, 0, 0, 6; 0, 0, 0, 6; 0, 0, 0, 6; 0, 0, 0, 6; 0, 0, 0, 6; 6, 0, 0, 0; 6, 0, 0, 0; 6, 0, 0, 0; 6, 0, 0, 0; 6, 0, 0, 0; 6, 0, 0, 0; 6, 0, 0, 0; 6, 0, 0, 0; 6, 0, 0, 0; 6, 0, 0, 0; 6, 0, 0, 0; 6, 0, 0, 0; 6, 0, 0, 0];

% cost function results
vioSt = [0];
vioDl = [60];
vioNon = [1575];
vioTpMin = [0, 0, 0, 0, 0, 0, 0, 0, 0, 0, 0, 0, 0, 0, 0, 0, 0, 0, 0, 0, 0, 0, 0, 0, 0, 0, 0, 0, 0, 0, 0, 0, 0, 0, 0, 0, 0, 0, 0, 0, 0, 0, 0, 0, 0, 0, 0, 0, 0, 0];
vioTp = [0];
vioLcy = [49896];
vioJit = [45120];
cost_vio = 869859;
cost_switches = 800;
cost_ch = 2046;
costTotal = 872705;

% priorityMatch
% 
% ############### Network 0 ##############
% F0	|[0]6	|6	|6	|6	|6	|6	|6	|6	|6	|	|[10]	|	|	|	|	|	|6	|6	|6	|6	|[20]6	|6	|6	|6	|6	|6	|6	|	|	|	|[30]	|	|	|	|	|	|	|6	|6	|6	|[40]6	|6	|6	|6	|6	|6	|6	|6	|6	|6	|
% ############### Network 1 ##############
% ############### Network 2 ##############
% F0	|[0]	|	|	|	|	|	|	|	|	|6	|[10]6	|6	|6	|6	|6	|6	|	|	|	|	|[20]	|	|	|	|	|	|	|	|	|	|[30]	|	|	|	|	|	|	|	|	|	|[40]	|	|	|	|	|	|	|	|	|	|
% ############### Network 3 ##############
% F0	|[0]	|	|	|	|	|	|	|	|	|	|[10]	|	|	|	|	|	|	|	|	|	|[20]	|	|	|	|	|	|	|6	|6	|6	|[30]6	|6	|6	|6	|6	|6	|6	|	|	|	|[40]	|	|	|	|	|	|	|	|	|	|

