% t_n_i
% time:
generate_model = 4459;
duration_to_solve_model_us = 260;
create_model = 60;
% allocatedChunks
allocatedChunks(:,:,1) = [5, 0, 0, 0, 0, 0, 0, 0; 0, 0, 0, 5, 0, 0, 0, 0; 0, 0, 0, 5, 0, 0, 0, 0; 0, 0, 0, 5, 0, 0, 0, 0; 0, 0, 0, 5, 0, 0, 0, 0; 0, 0, 0, 5, 0, 0, 0, 0; 0, 0, 0, 5, 0, 0, 0, 0; 0, 0, 0, 5, 0, 0, 0, 0; 0, 0, 0, 5, 0, 0, 0, 0; 0, 0, 0, 5, 0, 0, 0, 0; 0, 0, 0, 5, 0, 0, 0, 0; 0, 0, 0, 0, 0, 0, 0, 5; 0, 0, 0, 0, 0, 0, 0, 5; 0, 0, 0, 0, 0, 0, 0, 5; 0, 0, 0, 0, 0, 0, 0, 5; 0, 0, 0, 0, 0, 0, 0, 5; 0, 0, 0, 0, 0, 0, 0, 5; 0, 0, 0, 0, 0, 0, 0, 5; 0, 0, 0, 0, 0, 0, 0, 5; 0, 0, 0, 0, 0, 0, 0, 5; 5, 0, 0, 0, 0, 0, 0, 0; 5, 0, 0, 0, 0, 0, 0, 0; 5, 0, 0, 0, 0, 0, 0, 0; 5, 0, 0, 0, 0, 0, 0, 0; 5, 0, 0, 0, 0, 0, 0, 0];
% non_allocated
non_allocated = [120];
% dl_vio
dl_vio = [0];
% st_vio
st_vio = [0];
% vioThroughput
vioThroughput = [0];
% non_allo_vio
non_allo_vio = [6720];
% nChunks
nChunks = [245];
% prefStartTime
prefStartTime = [0];
% deadline
deadline = [49];
% availBW
availBW = [32, 32, 32, 32, 32, 32, 32, 32, 32, 32, 32, 32, 32, 32, 32, 32, 32, 32, 32, 32, 32, 32, 32, 32, 32; 0, 14, 28, 42, 42, 42, 42, 42, 42, 42, 28, 14, 0, 0, 0, 0, 0, 0, 0, 0, 0, 0, 0, 0, 0; 0, 0, 0, 0, 13, 26, 39, 39, 39, 39, 39, 39, 39, 26, 13, 0, 0, 0, 0, 0, 0, 0, 0, 0, 0; 0, 11, 22, 33, 33, 33, 33, 33, 33, 22, 11, 0, 0, 0, 0, 0, 0, 0, 0, 0, 0, 0, 0, 0, 0; 0, 0, 0, 0, 0, 12, 24, 36, 36, 36, 36, 36, 36, 24, 12, 0, 0, 0, 0, 0, 0, 0, 0, 0, 0; 0, 0, 0, 0, 0, 0, 0, 0, 10, 20, 30, 30, 30, 30, 30, 30, 20, 10, 0, 0, 0, 0, 0, 0, 0; 0, 23, 47, 47, 47, 47, 47, 23, 0, 0, 0, 0, 0, 0, 0, 0, 0, 0, 0, 0, 0, 0, 0, 0, 0; 0, 0, 0, 0, 0, 0, 0, 0, 0, 0, 10, 20, 30, 30, 30, 30, 30, 30, 20, 10, 0, 0, 0, 0, 0];

