
% 2015-10-17 01:29:12

% my_logs\longTest1\0_1_2\rep_8\priorityMatch_log.m
scheduling_duration_us = 32468;

% schedule
schedule_f_t_n(:,:,1) = [6, 0, 0, 0; 6, 0, 0, 0; 6, 0, 0, 0; 6, 0, 0, 0; 6, 0, 0, 0; 6, 0, 0, 0; 6, 0, 0, 0; 6, 0, 0, 0; 6, 0, 0, 0; 6, 0, 0, 0; 0, 0, 6, 0; 0, 0, 6, 0; 0, 0, 6, 0; 0, 0, 6, 0; 0, 0, 6, 0; 0, 0, 6, 0; 0, 0, 6, 0; 0, 0, 6, 0; 0, 0, 6, 0; 0, 0, 6, 0; 0, 0, 6, 0; 0, 0, 6, 0; 0, 0, 6, 0; 0, 0, 6, 0; 6, 0, 0, 0; 6, 0, 0, 0; 6, 0, 0, 0; 0, 0, 0, 6; 0, 0, 0, 6; 0, 0, 0, 6; 0, 0, 0, 6; 0, 0, 0, 6; 0, 0, 0, 6; 0, 0, 0, 6; 0, 0, 0, 6; 0, 0, 0, 6; 0, 0, 0, 6; 0, 0, 0, 6; 0, 0, 0, 6; 0, 6, 0, 0; 0, 6, 0, 0; 0, 6, 0, 0; 0, 6, 0, 0; 0, 6, 0, 0; 0, 6, 0, 0; 0, 6, 0, 0; 6, 0, 0, 0; 6, 0, 0, 0; 6, 0, 0, 0; 6, 0, 0, 0];

% cost function results
vioSt = [0];
vioDl = [60];
vioNon = [3360];
vioTpMin = [0, 0, 0, 0, 0, 0, 0, 0, 0, 0, 0, 0, 0, 0, 0, 0, 0, 0, 0, 0, 0, 0, 0, 0, 0, 0, 0, 0, 0, 0, 0, 0, 0, 0, 0, 0, 0, 0, 0, 0, 0, 0, 0, 0, 0, 0, 0, 0, 0, 0];
vioTp = [0];
vioLcy = [25410];
vioJit = [45216];
cost_vio = 740460;
cost_switches = 1000;
cost_ch = 1440;
costTotal = 742900;

% priorityMatch
% 
% ############### Network 0 ##############
% F0	|[0]6	|6	|6	|6	|6	|6	|6	|6	|6	|6	|[10]	|	|	|	|	|	|	|	|	|	|[20]	|	|	|	|6	|6	|6	|	|	|	|[30]	|	|	|	|	|	|	|	|	|	|[40]	|	|	|	|	|	|6	|6	|6	|6	|
% ############### Network 1 ##############
% F0	|[0]	|	|	|	|	|	|	|	|	|	|[10]	|	|	|	|	|	|	|	|	|	|[20]	|	|	|	|	|	|	|	|	|	|[30]	|	|	|	|	|	|	|	|	|6	|[40]6	|6	|6	|6	|6	|6	|	|	|	|	|
% ############### Network 2 ##############
% F0	|[0]	|	|	|	|	|	|	|	|	|	|[10]6	|6	|6	|6	|6	|6	|6	|6	|6	|6	|[20]6	|6	|6	|6	|	|	|	|	|	|	|[30]	|	|	|	|	|	|	|	|	|	|[40]	|	|	|	|	|	|	|	|	|	|
% ############### Network 3 ##############
% F0	|[0]	|	|	|	|	|	|	|	|	|	|[10]	|	|	|	|	|	|	|	|	|	|[20]	|	|	|	|	|	|	|6	|6	|6	|[30]6	|6	|6	|6	|6	|6	|6	|6	|6	|	|[40]	|	|	|	|	|	|	|	|	|	|

