% t_n_i
% time:
generate_model = 4293;
duration_to_solve_model_us = 318;
create_model = 37;
% allocatedChunks
allocatedChunks(:,:,1) = [5, 0, 0, 0, 0, 0, 0, 0; 0, 0, 0, 0, 0, 0, 5, 0; 0, 0, 0, 0, 0, 0, 5, 0; 0, 0, 0, 0, 0, 0, 5, 0; 0, 0, 0, 0, 0, 0, 5, 0; 0, 0, 0, 0, 0, 0, 5, 0; 0, 5, 0, 0, 0, 0, 0, 0; 0, 0, 0, 0, 5, 0, 0, 0; 0, 5, 0, 0, 0, 0, 0, 0; 0, 5, 0, 0, 0, 0, 0, 0; 0, 0, 5, 0, 0, 0, 0, 0; 0, 0, 5, 0, 0, 0, 0, 0; 0, 0, 5, 0, 0, 0, 0, 0; 0, 0, 5, 0, 0, 0, 0, 0; 0, 0, 5, 0, 0, 0, 0, 0; 0, 0, 5, 0, 0, 0, 0, 0; 0, 0, 5, 0, 0, 0, 0, 0; 0, 0, 5, 0, 0, 0, 0, 0; 0, 0, 5, 0, 0, 0, 0, 0; 0, 0, 5, 0, 0, 0, 0, 0; 5, 0, 0, 0, 0, 0, 0, 0; 5, 0, 0, 0, 0, 0, 0, 0; 5, 0, 0, 0, 0, 0, 0, 0; 5, 0, 0, 0, 0, 0, 0, 0; 5, 0, 0, 0, 0, 0, 0, 0];
% non_allocated
non_allocated = [40];
% dl_vio
dl_vio = [0];
% st_vio
st_vio = [0];
% vioThroughput
vioThroughput = [0];
% non_allo_vio
non_allo_vio = [2240];
% nChunks
nChunks = [165];
% prefStartTime
prefStartTime = [0];
% deadline
deadline = [33];
% availBW
availBW = [34, 34, 34, 34, 34, 34, 34, 34, 34, 34, 34, 34, 34, 34, 34, 34, 34, 34, 34, 34, 34, 34, 34, 34, 34; 0, 0, 0, 0, 26, 53, 53, 53, 53, 53, 26, 0, 0, 0, 0, 0, 0, 0, 0, 0, 0, 0, 0, 0, 0; 0, 0, 0, 0, 0, 0, 0, 0, 0, 0, 16, 33, 50, 50, 50, 50, 50, 50, 33, 16, 0, 0, 0, 0, 0; 0, 0, 15, 31, 47, 47, 47, 47, 47, 47, 31, 15, 0, 0, 0, 0, 0, 0, 0, 0, 0, 0, 0, 0, 0; 0, 0, 16, 33, 50, 50, 50, 50, 50, 50, 50, 33, 16, 0, 0, 0, 0, 0, 0, 0, 0, 0, 0, 0, 0; 0, 0, 0, 0, 0, 16, 32, 48, 48, 48, 48, 48, 48, 48, 32, 16, 0, 0, 0, 0, 0, 0, 0, 0, 0; 0, 24, 49, 74, 74, 74, 74, 74, 74, 49, 24, 0, 0, 0, 0, 0, 0, 0, 0, 0, 0, 0, 0, 0, 0; 0, 0, 0, 0, 0, 0, 0, 0, 0, 38, 76, 76, 76, 76, 76, 38, 0, 0, 0, 0, 0, 0, 0, 0, 0];

