
% 2015-10-17 01:04:30

% my_logs\longTest1\1_0_1\rep_13\optimization_log.m
scheduling_duration_us = 104707;

% schedule
schedule_f_t_n(:,:,1) = [4, 0; 0, 4; 0, 4; 0, 4; 0, 4; 0, 4; 0, 4; 0, 4; 0, 4; 0, 4; 0, 4; 0, 4; 4, 0; 4, 0; 4, 0; 4, 0; 4, 0; 4, 0; 4, 0; 4, 0; 4, 0; 4, 0; 4, 0; 4, 0; 0, 0];
schedule_f_t_n(:,:,2) = [0, 0; 0, 0; 0, 0; 0, 0; 0, 0; 0, 25; 0, 0; 0, 0; 0, 0; 0, 0; 0, 0; 0, 0; 0, 0; 0, 0; 0, 0; 0, 0; 0, 0; 0, 0; 0, 0; 0, 0; 0, 0; 0, 0; 0, 0; 0, 0; 0, 0];

% cost function results
vioSt = [0, 0];
vioDl = [0, 0];
vioNon = [4320, 0];
vioTpMin = [0, 0, 0, 0, 0, 0, 0, 0, 0, 0, 0, 0, 0, 0, 0, 0, 0, 0, 0, 0, 0, 0, 0, 0, 0; 0, 0, 0, 0, 0, 0, 0, 0, 0, 0, 0, 0, 0, 0, 0, 0, 0, 0, 0, 0, 0, 0, 0, 0, 0];
vioTp = [0, 0];
vioLcy = [2808, 0];
vioJit = [7680, 0];
cost_vio = 148080;
cost_switches = 400;
cost_ch = 762;
costTotal = 149242;

% optimization
% 
% ############### Network 0 ##############
% F0	|[0]4	|	|	|	|	|	|	|	|	|	|[10]	|	|4	|4	|4	|4	|4	|4	|4	|4	|[20]4	|4	|4	|4	|	|
% ############### Network 1 ##############
% F0	|[0]	|4	|4	|4	|4	|4	|4	|4	|4	|4	|[10]4	|4	|	|	|	|	|	|	|	|	|[20]	|	|	|	|	|
% F1	|[0]	|	|	|	|	|25	|	|	|	|	|[10]	|	|	|	|	|	|	|	|	|	|[20]	|	|	|	|	|

