
% 2015-10-17 01:04:30

% my_logs\longTest1\1_0_1\rep_13\priorityMatch_log.m
scheduling_duration_us = 3726;

% schedule
schedule_f_t_n(:,:,1) = [6, 0; 0, 6; 0, 6; 0, 6; 0, 6; 0, 6; 0, 6; 0, 6; 0, 6; 0, 6; 0, 6; 0, 6; 6, 0; 6, 0; 6, 0; 6, 0; 6, 0; 6, 0; 6, 0; 6, 0; 6, 0; 6, 0; 6, 0; 6, 0; 6, 0];
schedule_f_t_n(:,:,2) = [0, 0; 0, 9; 0, 16; 0, 0; 0, 0; 0, 0; 0, 0; 0, 0; 0, 0; 0, 0; 0, 0; 0, 0; 0, 0; 0, 0; 0, 0; 0, 0; 0, 0; 0, 0; 0, 0; 0, 0; 0, 0; 0, 0; 0, 0; 0, 0; 0, 0];

% cost function results
vioSt = [0, 0];
vioDl = [60, 0];
vioNon = [0, 0];
vioTpMin = [0, 0, 0, 0, 0, 0, 0, 0, 0, 0, 0, 0, 0, 0, 0, 0, 0, 0, 0, 0, 0, 0, 0, 0, 0; 0, 0, 0, 0, 0, 0, 0, 0, 0, 0, 0, 0, 0, 0, 0, 0, 0, 0, 0, 0, 0, 0, 0, 0, 0];
vioTp = [0, 0];
vioLcy = [4536, 0];
vioJit = [12000, 0];
cost_vio = 165960;
cost_switches = 400;
cost_ch = 1190;
costTotal = 167550;

% priorityMatch
% 
% ############### Network 0 ##############
% F0	|[0]6	|	|	|	|	|	|	|	|	|	|[10]	|	|6	|6	|6	|6	|6	|6	|6	|6	|[20]6	|6	|6	|6	|6	|
% ############### Network 1 ##############
% F0	|[0]	|6	|6	|6	|6	|6	|6	|6	|6	|6	|[10]6	|6	|	|	|	|	|	|	|	|	|[20]	|	|	|	|	|
% F1	|[0]	|9	|16	|	|	|	|	|	|	|	|[10]	|	|	|	|	|	|	|	|	|	|[20]	|	|	|	|	|

