
% 2015-10-17 01:04:30

% my_logs\longTest1\1_0_1\rep_13\priority_log.m
scheduling_duration_us = 2850;

% schedule
schedule_f_t_n(:,:,1) = [6, 0; 0, 6; 0, 6; 0, 6; 0, 6; 0, 6; 0, 6; 0, 6; 0, 6; 0, 6; 0, 6; 0, 6; 6, 0; 6, 0; 6, 0; 6, 0; 6, 0; 6, 0; 6, 0; 6, 0; 6, 0; 6, 0; 6, 0; 6, 0; 0, 0];
schedule_f_t_n(:,:,2) = [0, 0; 0, 0; 0, 0; 0, 0; 0, 0; 0, 0; 0, 0; 0, 0; 0, 0; 0, 0; 0, 0; 0, 0; 0, 0; 0, 0; 0, 0; 0, 0; 0, 0; 0, 0; 0, 0; 0, 0; 0, 0; 0, 0; 0, 0; 0, 0; 0, 0];

% cost function results
vioSt = [0, 0];
vioDl = [0, 0];
vioNon = [480, 2975];
vioTpMin = [0, 0, 0, 0, 0, 0, 0, 0, 0, 0, 0, 0, 0, 0, 0, 0, 0, 0, 0, 0, 0, 0, 0, 0, 0; 0, 0, 0, 0, 0, 0, 0, 0, 0, 0, 0, 0, 0, 0, 0, 0, 0, 0, 0, 0, 0, 0, 0, 0, 0];
vioTp = [0, 0];
vioLcy = [4212, 0];
vioJit = [11520, 0];
cost_vio = 182945;
cost_switches = 400;
cost_ch = 1068;
costTotal = 184413;

% priority
% 
% ############### Network 0 ##############
% F0	|[0]6	|	|	|	|	|	|	|	|	|	|[10]	|	|6	|6	|6	|6	|6	|6	|6	|6	|[20]6	|6	|6	|6	|	|
% ############### Network 1 ##############
% F0	|[0]	|6	|6	|6	|6	|6	|6	|6	|6	|6	|[10]6	|6	|	|	|	|	|	|	|	|	|[20]	|	|	|	|	|

