
% 2015-10-17 12:34:49

% my_logs\longTest1\0_2_1\rep_13\optimization_log.m
scheduling_duration_us = 1063940;

% schedule
schedule_f_t_n(:,:,1) = [0, 0; 0, 0; 0, 0; 0, 0; 0, 0; 0, 0; 0, 0; 0, 0; 0, 0; 0, 0; 0, 0; 0, 0; 0, 0; 0, 0; 0, 0; 0, 0; 0, 0; 0, 0; 0, 0; 0, 0; 0, 0; 0, 0; 0, 0; 0, 0; 0, 0; 0, 0; 0, 0; 0, 0; 0, 0; 0, 0; 0, 0; 0, 0; 0, 0; 0, 0; 0, 0; 0, 0; 0, 0; 0, 0; 0, 0; 0, 0; 0, 0; 0, 0; 0, 0; 0, 0; 0, 0; 0, 0; 0, 0; 0, 0; 0, 0; 0, 0; 0, 0; 0, 0; 0, 0; 0, 0; 0, 0; 0, 0; 0, 0; 0, 0; 0, 0; 0, 0; 0, 0; 0, 0; 0, 0; 0, 0; 0, 5; 0, 5; 0, 5; 0, 5; 0, 5; 0, 5; 0, 5; 0, 0; 0, 0; 0, 0; 0, 0; 0, 0; 0, 0; 0, 0; 0, 0; 0, 0; 0, 0; 0, 0; 0, 0; 0, 0; 0, 0; 0, 0; 0, 0; 0, 0; 0, 0; 0, 0; 0, 0; 0, 0; 0, 0; 0, 0; 0, 0; 0, 0; 0, 0; 0, 0; 0, 0; 0, 0];

% cost function results
vioSt = [0];
vioDl = [0];
vioNon = [37485];
vioTpMin = [5, 5, 5, 5, 5, 5, 5, 5, 5, 5, 5, 5, 5, 5, 5, 5, 5, 5, 5, 5, 5, 5, 5, 5, 5, 5, 5, 5, 5, 5, 5, 5, 5, 5, 5, 5, 5, 5, 5, 5, 5, 5, 5, 5, 5, 5, 5, 5, 5, 5, 5, 5, 5, 5, 5, 5, 5, 5, 5, 5, 5, 5, 5, 5, 0, 0, 0, 0, 0, 0, 0, 5, 5, 5, 5, 5, 5, 5, 5, 5, 5, 5, 5, 5, 5, 5, 5, 5, 5, 5, 5, 5, 5, 5, 5, 5, 5, 5, 5, 0];
vioTp = [46000];
vioLcy = [0];
vioJit = [3920];
cost_vio = 786645;
cost_switches = 0;
cost_ch = 140;
costTotal = 786785;

% optimization
% 
% ############### Network 0 ##############
% ############### Network 1 ##############
% F0	|[0]	|	|	|	|	|	|	|	|	|	|[10]	|	|	|	|	|	|	|	|	|	|[20]	|	|	|	|	|	|	|	|	|	|[30]	|	|	|	|	|	|	|	|	|	|[40]	|	|	|	|	|	|	|	|	|	|[50]	|	|	|	|	|	|	|	|	|	|[60]	|	|	|	|5	|5	|5	|5	|5	|5	|[70]5	|	|	|	|	|	|	|	|	|	|[80]	|	|	|	|	|	|	|	|	|	|[90]	|	|	|	|	|	|	|	|	|	|

