% t_n_i
% time:
generate_model = 90070;
duration_to_solve_model_us = 992;
create_model = 267;
% allocatedChunks
allocatedChunks(:,:,1) = [5; 5; 5; 5; 5; 5; 5; 5; 5; 5; 5; 5; 5; 5; 5; 5; 5; 5; 5; 5; 5; 5; 5; 5; 5; 5; 5; 5; 5; 5; 5; 5; 0; 0; 0; 0; 0; 0; 0; 0; 0; 0; 0; 0; 0; 0; 0; 0; 0; 0];
allocatedChunks(:,:,2) = [0; 0; 0; 12; 25; 0; 0; 0; 0; 0; 0; 0; 0; 0; 0; 0; 0; 0; 0; 0; 0; 0; 0; 0; 0; 0; 0; 0; 0; 0; 0; 0; 0; 0; 0; 0; 0; 0; 0; 0; 0; 0; 0; 0; 0; 0; 0; 0; 0; 0];
allocatedChunks(:,:,3) = [0; 0; 0; 0; 0; 0; 0; 0; 0; 0; 0; 0; 0; 0; 0; 25; 0; 0; 0; 0; 0; 0; 0; 0; 0; 0; 0; 0; 0; 0; 0; 0; 0; 0; 0; 0; 0; 0; 0; 0; 0; 0; 0; 0; 0; 0; 0; 0; 0; 0];
allocatedChunks(:,:,4) = [0; 0; 0; 0; 0; 0; 0; 0; 0; 0; 0; 0; 0; 0; 0; 0; 0; 25; 20; 20; 20; 20; 20; 20; 20; 20; 0; 20; 0; 20; 20; 20; 25; 25; 25; 0; 25; 25; 25; 0; 0; 0; 10; 0; 25; 0; 0; 0; 0; 0];
allocatedChunks(:,:,5) = [0; 0; 0; 0; 0; 0; 0; 0; 0; 0; 0; 0; 0; 0; 12; 0; 25; 0; 0; 0; 0; 0; 0; 0; 0; 0; 0; 0; 0; 0; 0; 0; 0; 0; 0; 0; 0; 0; 0; 0; 0; 0; 0; 0; 0; 0; 0; 0; 0; 0];
allocatedChunks(:,:,6) = [0; 0; 0; 0; 0; 0; 0; 0; 0; 0; 0; 0; 0; 0; 0; 0; 0; 0; 5; 5; 5; 5; 5; 5; 5; 5; 5; 5; 5; 5; 5; 5; 5; 5; 5; 5; 5; 5; 5; 5; 5; 5; 5; 5; 5; 5; 5; 5; 5; 5];
allocatedChunks(:,:,7) = [0; 0; 0; 0; 0; 0; 0; 0; 0; 0; 0; 0; 0; 0; 0; 0; 0; 0; 0; 0; 0; 0; 0; 0; 0; 0; 20; 0; 17; 0; 0; 0; 0; 0; 0; 0; 0; 0; 0; 0; 0; 0; 0; 0; 0; 0; 0; 0; 0; 0];
allocatedChunks(:,:,8) = [0; 0; 0; 0; 0; 0; 0; 0; 0; 0; 0; 0; 0; 0; 0; 0; 0; 0; 0; 0; 0; 0; 0; 0; 0; 0; 0; 0; 0; 0; 0; 0; 0; 0; 0; 0; 0; 0; 0; 0; 0; 0; 0; 0; 0; 0; 0; 0; 25; 0];
% non_allocated
non_allocated = [0, 0, 0, 0, 0, 0, 0, 0];
% dl_vio
dl_vio = [0, 0, 0, 0, 0, 0, 0, 0];
% st_vio
st_vio = [0, 0, 0, 0, 0, 25300, 0, 0];
% vioThroughput
vioThroughput = [900000, 0, 0, 0, 0, 900000, 0, 0];
% non_allo_vio
non_allo_vio = [0, 0, 0, 0, 0, 0, 0, 0];
% nChunks
nChunks = [160, 37, 25, 450, 37, 160, 37, 25];
% prefStartTime
prefStartTime = [0, 6, 0, 18, 24, 30, 36, 0];
% deadline
deadline = [32, 7, 100000, 48, 25, 62, 37, 100000];
% availBW
availBW = [30, 30, 30, 30, 30, 30, 30, 30, 30, 30, 30, 30, 30, 30, 30, 30, 30, 30, 30, 30, 30, 30, 30, 30, 30, 30, 30, 30, 30, 30, 30, 30, 30, 30, 30, 30, 30, 30, 30, 30, 30, 30, 30, 30, 30, 30, 30, 30, 30, 30];

