% t_n_i
% time:
generate_model = 2278;
duration_to_solve_model_us = 66;
create_model = 30;
% allocatedChunks
allocatedChunks(:,:,1) = [5, 0, 0, 0; 5, 0, 0, 0; 5, 0, 0, 0; 5, 0, 0, 0; 5, 0, 0, 0; 0, 0, 0, 5; 0, 0, 0, 5; 0, 0, 0, 5; 0, 0, 0, 5; 0, 0, 0, 5; 0, 0, 0, 5; 0, 0, 0, 5; 0, 0, 5, 0; 0, 0, 5, 0; 0, 0, 5, 0; 0, 5, 0, 0; 0, 5, 0, 0; 0, 5, 0, 0; 0, 5, 0, 0; 0, 5, 0, 0; 0, 5, 0, 0; 5, 0, 0, 0; 5, 0, 0, 0; 5, 0, 0, 0; 5, 0, 0, 0];
% non_allocated
non_allocated = [125];
% dl_vio
dl_vio = [0];
% st_vio
st_vio = [0];
% vioThroughput
vioThroughput = [0];
% non_allo_vio
non_allo_vio = [7000];
% nChunks
nChunks = [250];
% prefStartTime
prefStartTime = [0];
% deadline
deadline = [50];
% availBW
availBW = [27, 27, 27, 27, 27, 27, 27, 27, 27, 27, 27, 27, 27, 27, 27, 27, 27, 27, 27, 27, 27, 27, 27, 27, 27; 0, 0, 0, 0, 0, 0, 0, 0, 0, 0, 0, 0, 0, 0, 26, 53, 53, 53, 53, 53, 26, 0, 0, 0, 0; 0, 0, 0, 0, 0, 0, 0, 0, 0, 27, 55, 55, 55, 55, 55, 27, 0, 0, 0, 0, 0, 0, 0, 0, 0; 0, 0, 0, 0, 0, 25, 51, 51, 51, 51, 51, 25, 0, 0, 0, 0, 0, 0, 0, 0, 0, 0, 0, 0, 0];

