
% 2016-05-25 16:31:06

% my_logs\eval_4_4_3_c15\4_1_0\rep_1\Random_log.m
scheduling_duration_us = 90179;

% schedule
schedule_f_t_n(:,:,1) = [0; 0; 0; 0; 0; 0; 0; 0; 0; 0; 0; 0; 0; 0; 0; 0; 0; 0; 0; 0; 0; 0; 0; 0; 0; 0; 0; 0; 0; 0; 0; 0; 0; 0; 0; 0; 0; 0; 0; 0; 0; 0; 0; 0; 0; 0; 0; 0; 0; 0];
schedule_f_t_n(:,:,2) = [38; 38; 38; 38; 0; 0; 0; 0; 0; 0; 0; 0; 0; 0; 0; 0; 0; 0; 0; 0; 0; 0; 0; 0; 0; 0; 0; 0; 0; 26; 26; 26; 26; 26; 0; 0; 0; 0; 0; 0; 0; 0; 0; 0; 0; 0; 0; 0; 0; 0];
schedule_f_t_n(:,:,3) = [0; 0; 0; 0; 0; 0; 0; 0; 0; 0; 0; 0; 0; 0; 0; 0; 0; 0; 0; 0; 0; 0; 0; 0; 0; 0; 0; 0; 0; 0; 0; 0; 0; 0; 0; 0; 0; 0; 0; 0; 0; 0; 0; 0; 0; 10; 10; 0; 0; 0];
schedule_f_t_n(:,:,4) = [0; 0; 0; 0; 0; 0; 0; 0; 0; 0; 0; 0; 0; 0; 0; 0; 0; 0; 0; 0; 0; 0; 0; 0; 0; 0; 0; 0; 0; 0; 0; 0; 0; 0; 0; 0; 0; 0; 0; 0; 0; 0; 0; 0; 0; 0; 0; 0; 0; 0];
schedule_f_t_n(:,:,5) = [0; 0; 0; 0; 0; 0; 0; 0; 0; 0; 0; 0; 0; 0; 0; 0; 0; 0; 20; 38; 26; 26; 26; 26; 26; 26; 26; 26; 26; 0; 0; 0; 0; 0; 0; 0; 0; 0; 0; 0; 0; 0; 0; 0; 0; 0; 0; 0; 0; 0];
schedule_f_t_n(:,:,6) = [0; 0; 0; 0; 0; 0; 0; 0; 0; 0; 0; 0; 0; 0; 0; 0; 0; 0; 0; 0; 0; 0; 0; 0; 0; 0; 0; 0; 0; 0; 0; 0; 0; 0; 0; 0; 0; 0; 0; 0; 0; 0; 0; 0; 0; 0; 0; 0; 0; 0];
schedule_f_t_n(:,:,7) = [0; 0; 0; 0; 0; 0; 0; 0; 0; 0; 0; 0; 0; 0; 0; 0; 0; 0; 0; 0; 12; 12; 12; 12; 12; 12; 12; 12; 12; 12; 12; 12; 12; 12; 12; 12; 12; 0; 0; 0; 0; 0; 0; 0; 0; 0; 0; 0; 0; 0];
schedule_f_t_n(:,:,8) = [0; 0; 0; 0; 0; 0; 0; 0; 0; 0; 0; 0; 0; 0; 0; 0; 0; 0; 0; 0; 0; 0; 0; 0; 0; 0; 0; 0; 0; 0; 0; 0; 0; 0; 0; 0; 0; 0; 0; 0; 0; 0; 0; 0; 0; 0; 0; 0; 0; 0];
schedule_f_t_n(:,:,9) = [0; 0; 0; 0; 38; 38; 38; 38; 38; 38; 38; 38; 38; 38; 38; 38; 38; 38; 18; 0; 0; 0; 0; 0; 0; 0; 0; 0; 0; 0; 0; 0; 0; 0; 0; 0; 0; 0; 0; 0; 0; 0; 0; 0; 0; 0; 0; 0; 0; 0];
schedule_f_t_n(:,:,10) = [0; 0; 0; 0; 0; 0; 0; 0; 0; 0; 0; 0; 0; 0; 0; 0; 0; 0; 0; 0; 0; 0; 0; 0; 0; 0; 0; 0; 0; 0; 0; 0; 0; 0; 26; 26; 26; 0; 0; 0; 0; 0; 0; 0; 0; 0; 0; 0; 0; 0];
schedule_f_t_n(:,:,11) = [0; 0; 0; 0; 0; 0; 0; 0; 0; 0; 0; 0; 0; 0; 0; 0; 0; 0; 0; 0; 0; 0; 0; 0; 0; 0; 0; 0; 0; 0; 0; 0; 0; 0; 0; 0; 0; 0; 0; 0; 0; 0; 0; 0; 0; 0; 0; 0; 0; 0];
schedule_f_t_n(:,:,12) = [0; 0; 0; 0; 0; 0; 0; 0; 0; 0; 0; 0; 0; 0; 0; 0; 0; 0; 0; 0; 0; 0; 0; 0; 0; 0; 0; 0; 0; 0; 0; 0; 0; 0; 0; 0; 0; 0; 0; 0; 0; 0; 0; 0; 0; 0; 0; 0; 0; 0];
schedule_f_t_n(:,:,13) = [0; 0; 0; 0; 0; 0; 0; 0; 0; 0; 0; 0; 0; 0; 0; 0; 0; 0; 0; 0; 0; 0; 0; 0; 0; 0; 0; 0; 0; 0; 0; 0; 0; 0; 0; 0; 0; 0; 0; 0; 0; 0; 0; 0; 0; 0; 0; 0; 0; 0];
schedule_f_t_n(:,:,14) = [0; 0; 0; 0; 0; 0; 0; 0; 0; 0; 0; 0; 0; 0; 0; 0; 0; 0; 0; 0; 0; 0; 0; 0; 0; 0; 0; 0; 0; 0; 0; 0; 0; 0; 0; 0; 0; 0; 0; 0; 0; 0; 0; 0; 0; 0; 0; 0; 0; 0];
schedule_f_t_n(:,:,15) = [0; 0; 0; 0; 0; 0; 0; 0; 0; 0; 0; 0; 0; 0; 0; 0; 0; 0; 0; 0; 0; 0; 0; 0; 0; 0; 0; 0; 0; 0; 0; 0; 0; 0; 0; 0; 0; 0; 0; 0; 0; 0; 0; 0; 0; 0; 0; 0; 0; 0];
schedule_f_t_n(:,:,16) = [0; 0; 0; 0; 0; 0; 0; 0; 0; 0; 0; 0; 0; 0; 0; 0; 0; 0; 0; 0; 0; 0; 0; 0; 0; 0; 0; 0; 0; 0; 0; 0; 0; 0; 0; 0; 0; 38; 38; 38; 38; 38; 38; 38; 38; 0; 0; 0; 0; 0];

% cost function results
costTotal = 7965109;

% per run statistics
per_run_cost = [8018446, 6304318, 8557611, 8449047, 7345333, 7303930, 8899260, 8461971, 8657414, 8622451, 7749989, 7548168, 8567048, 8839821, 7528793, 7762497, 7212490, 6333335, 8323878, 7957284, 6647383, 8732381, 6868081, 8966366, 8427830, 7635515, 8078219, 7874462, 8564160, 7963389, 7405115, 7338837, 7775226, 8320586, 7616332, 8075192, 8163361, 8278190, 6710104, 8757068, 8017276, 8679614, 7882436, 7137051, 6880758, 7411447, 8043315, 8288619, 8004317, 7946186, 8523487, 8448581, 8389214, 7776144, 6894878, 8319546, 7830467, 8740700, 8327157, 7268475, 7227270, 8743848, 8012898, 8324380, 8527414, 7616684, 7988757, 8449968, 8241318, 7795099, 8606262, 7258622, 7825530, 7359166, 8350348, 7981134, 8233096, 7980062, 8899260, 7929201, 8427197, 8567819, 7805469, 8323154, 8717530, 7011600, 6939316, 7083506, 8169744, 8502897, 7238403, 8829490, 8580500, 7913475, 8041400, 8493979, 8410266, 8071420, 8071420, 8186609, 7643674, 8677843, 7994314, 8500867, 6888694, 8147903, 8430646, 8796508, 7542296, 7468050, 8252895, 8054115, 7829833, 8242401, 7171085, 8702533, 7234366, 6012628, 7722616, 8839594, 7796446, 8598245, 6184493, 7497704, 6196674, 8628659, 8254731, 8986834, 6883478, 7868066, 6037949, 6688554, 8757377, 8668303, 8487238, 7707054, 7472772, 8526228, 8664639, 7043311, 7445742, 8756406, 7422667, 7406444, 5412363, 8239961, 8561384, 8426034, 8575940, 8538991, 8229482, 8300165, 8464959, 7907516, 8407882, 8614716, 8776858, 8620539, 6978688, 8184541, 8893110, 8736102, 8875738, 7448763, 8951291, 6813278, 8677248, 7884474, 8401499, 7746294, 8058575, 7894536, 8039436, 8255455, 7641118, 8133727, 8533461, 8759630, 7930497, 8142605, 8533838, 7608763, 8820227, 8219462, 8252547, 8524225, 6580700, 8095190, 8944356, 8670902, 7554153, 5562841, 6989404, 5642496, 8245732, 8495127, 8567819, 7955272, 7049002, 8334006];
per_run_duration_us = [72838, 86461, 105925, 68987, 70438, 92890, 66401, 72365, 66322, 70599, 76372, 68624, 69527, 73630, 86266, 69119, 67684, 77328, 75003, 74840, 74715, 121579, 94785, 111129, 89114, 90006, 110702, 84950, 82286, 93564, 89533, 97820, 89464, 99704, 95991, 84037, 87914, 89384, 87211, 84035, 90086, 86142, 96135, 88161, 90875, 92124, 86965, 87873, 88167, 83102, 77858, 88836, 89592, 91431, 87286, 86856, 88954, 86514, 88266, 91303, 89260, 91672, 90752, 88151, 86566, 86895, 92670, 87172, 91912, 81309, 90372, 89665, 107081, 111142, 86760, 92708, 91874, 88710, 96326, 88787, 86447, 85336, 86349, 91434, 84777, 90467, 90883, 97223, 79127, 86682, 98960, 89725, 87971, 90462, 95157, 84620, 83934, 99953, 88027, 87933, 82758, 94734, 93299, 122580, 78851, 87552, 88818, 89319, 98698, 84965, 85736, 77359, 83716, 89952, 108463, 84384, 107442, 96014, 95605, 109683, 92571, 130155, 104838, 87770, 88302, 90978, 100003, 103765, 109867, 83054, 112078, 108325, 87380, 81292, 85505, 85256, 108577, 102358, 102202, 88522, 87535, 88844, 87217, 80592, 93584, 95795, 101735, 123152, 92276, 95701, 83707, 78076, 91631, 92228, 107234, 97493, 85000, 99937, 85613, 92451, 85876, 103781, 88526, 85965, 90322, 91918, 85474, 88973, 79391, 83094, 97752, 99727, 83512, 84350, 82872, 95166, 90965, 79420, 100854, 82982, 98940, 88025, 84387, 83166, 89596, 87497, 105475, 79798, 82441, 79590, 90836, 89794, 105814, 90689, 88297, 83909, 87902, 94396, 127381, 93088];

