
% 2015-10-17 01:20:01

% my_logs\longTest1\0_1_0\rep_12\priority_log.m
scheduling_duration_us = 3553;

% schedule
schedule_f_t_n(:,:,1) = [5; 5; 5; 5; 5; 5; 5; 5; 5; 5; 5; 5; 5; 5; 5; 5; 5; 5; 5; 5; 5; 5; 5; 5; 5; 5; 5; 5; 5; 5; 5; 5; 5; 5; 5; 5; 5; 5; 5; 5; 5; 5; 5; 5; 0; 0; 0; 0; 0; 0];

% cost function results
vioSt = [0];
vioDl = [0];
vioNon = [0];
vioTpMin = [0, 0, 0, 0, 0, 0, 0, 0, 0, 0, 0, 0, 0, 0, 0, 0, 0, 0, 0, 0, 0, 0, 0, 0, 0, 0, 0, 0, 0, 0, 0, 0, 0, 0, 0, 0, 0, 0, 0, 0, 0, 0, 0, 0, 0, 0, 0, 0, 0, 0];
vioTp = [0];
vioLcy = [9900];
vioJit = [21120];
cost_vio = 279180;
cost_switches = 0;
cost_ch = 1980;
costTotal = 281160;

% priority
% 
% ############### Network 0 ##############
% F0	|[0]5	|5	|5	|5	|5	|5	|5	|5	|5	|5	|[10]5	|5	|5	|5	|5	|5	|5	|5	|5	|5	|[20]5	|5	|5	|5	|5	|5	|5	|5	|5	|5	|[30]5	|5	|5	|5	|5	|5	|5	|5	|5	|5	|[40]5	|5	|5	|5	|	|	|	|	|	|	|

