
% 2016-05-26 10:25:58

% my_logs\eval_4_4_3_c15\4_1_0\rep_15\Random_log.m
scheduling_duration_us = 69154;

% schedule
schedule_f_t_n(:,:,1) = [0; 0; 0; 0; 0; 0; 0; 0; 0; 0; 0; 0; 0; 0; 0; 0; 0; 0; 0; 0; 0; 0; 0; 0; 0; 0; 0; 0; 0; 0; 0; 0; 0; 0; 0; 0; 0; 0; 0; 0; 0; 0; 0; 0; 0; 0; 0; 0; 0; 0];
schedule_f_t_n(:,:,2) = [0; 0; 0; 0; 0; 0; 0; 0; 0; 0; 0; 0; 0; 0; 0; 0; 0; 0; 0; 0; 0; 0; 0; 0; 0; 0; 0; 0; 0; 0; 0; 0; 0; 0; 0; 0; 0; 0; 0; 0; 0; 0; 0; 0; 0; 0; 0; 0; 0; 0];
schedule_f_t_n(:,:,3) = [0; 0; 0; 0; 0; 0; 0; 0; 0; 0; 0; 0; 0; 0; 0; 0; 0; 0; 0; 0; 10; 10; 0; 0; 0; 0; 0; 0; 10; 10; 10; 10; 0; 0; 0; 0; 0; 0; 0; 10; 10; 10; 10; 10; 10; 10; 10; 0; 0; 0];
schedule_f_t_n(:,:,4) = [0; 0; 0; 0; 0; 0; 0; 0; 0; 0; 0; 0; 0; 0; 0; 0; 0; 0; 0; 0; 0; 0; 0; 0; 0; 0; 0; 0; 0; 0; 0; 0; 0; 0; 0; 0; 0; 0; 0; 0; 0; 0; 0; 0; 0; 0; 0; 0; 0; 0];
schedule_f_t_n(:,:,5) = [0; 0; 0; 0; 0; 0; 0; 0; 0; 0; 0; 0; 0; 53; 53; 53; 53; 53; 53; 53; 4; 0; 0; 0; 0; 0; 0; 0; 0; 0; 0; 0; 0; 0; 0; 0; 0; 0; 0; 0; 0; 0; 0; 0; 0; 0; 0; 0; 0; 0];
schedule_f_t_n(:,:,6) = [0; 0; 0; 0; 0; 0; 0; 0; 0; 0; 0; 0; 0; 0; 0; 0; 0; 0; 0; 0; 0; 0; 0; 0; 0; 0; 0; 0; 0; 21; 0; 0; 0; 0; 0; 0; 0; 0; 0; 0; 0; 0; 0; 0; 0; 0; 0; 0; 0; 0];
schedule_f_t_n(:,:,7) = [0; 0; 0; 6; 6; 6; 6; 6; 6; 6; 6; 6; 6; 6; 6; 6; 6; 6; 6; 6; 6; 6; 0; 0; 0; 0; 0; 0; 6; 6; 6; 6; 0; 0; 0; 0; 0; 0; 0; 0; 0; 0; 0; 0; 0; 0; 0; 0; 0; 0];
schedule_f_t_n(:,:,8) = [0; 0; 0; 0; 0; 0; 0; 0; 0; 0; 0; 0; 0; 0; 0; 0; 0; 0; 0; 0; 0; 0; 0; 0; 0; 0; 0; 0; 0; 0; 0; 0; 0; 0; 0; 0; 0; 0; 0; 0; 0; 0; 0; 0; 0; 0; 0; 0; 0; 0];
schedule_f_t_n(:,:,9) = [0; 0; 0; 0; 0; 0; 0; 0; 0; 0; 0; 0; 0; 0; 0; 0; 0; 0; 0; 0; 0; 0; 0; 0; 0; 0; 0; 0; 21; 0; 0; 0; 0; 0; 0; 0; 0; 0; 0; 0; 0; 0; 0; 0; 0; 0; 0; 0; 0; 0];
schedule_f_t_n(:,:,10) = [59; 59; 59; 53; 53; 53; 53; 53; 53; 53; 29; 0; 0; 0; 0; 0; 0; 0; 0; 0; 0; 0; 0; 0; 0; 0; 0; 0; 0; 0; 0; 0; 0; 0; 0; 0; 0; 0; 0; 0; 0; 0; 0; 0; 0; 0; 0; 0; 0; 0];
schedule_f_t_n(:,:,11) = [0; 0; 0; 0; 0; 0; 0; 0; 0; 0; 0; 0; 0; 0; 0; 0; 0; 0; 0; 0; 0; 0; 0; 0; 0; 0; 0; 0; 9; 9; 9; 9; 0; 0; 0; 0; 0; 0; 0; 0; 0; 0; 0; 0; 0; 0; 0; 0; 0; 0];
schedule_f_t_n(:,:,12) = [0; 0; 0; 0; 0; 0; 0; 0; 0; 0; 0; 0; 0; 0; 0; 0; 0; 0; 0; 0; 0; 0; 0; 0; 0; 0; 0; 0; 0; 0; 0; 0; 0; 0; 0; 0; 0; 0; 0; 25; 49; 49; 49; 49; 49; 49; 0; 0; 0; 0];
schedule_f_t_n(:,:,13) = [0; 0; 0; 0; 0; 0; 0; 0; 0; 0; 0; 0; 0; 0; 0; 0; 0; 0; 0; 0; 0; 0; 0; 0; 0; 0; 0; 0; 0; 0; 0; 0; 59; 59; 59; 59; 59; 59; 59; 24; 0; 0; 0; 0; 0; 0; 0; 0; 0; 0];
schedule_f_t_n(:,:,14) = [0; 0; 0; 0; 0; 0; 0; 0; 0; 0; 24; 53; 53; 0; 0; 0; 0; 0; 0; 0; 39; 43; 0; 0; 0; 0; 0; 0; 0; 0; 0; 0; 0; 0; 0; 0; 0; 0; 0; 0; 0; 0; 0; 0; 0; 0; 0; 0; 0; 0];
schedule_f_t_n(:,:,15) = [0; 0; 0; 0; 0; 0; 0; 0; 0; 0; 0; 0; 0; 0; 0; 0; 0; 0; 0; 0; 0; 0; 0; 0; 0; 0; 0; 0; 13; 13; 13; 13; 0; 0; 0; 0; 0; 0; 0; 0; 0; 0; 0; 0; 0; 0; 0; 0; 0; 0];
schedule_f_t_n(:,:,16) = [0; 0; 0; 0; 0; 0; 0; 0; 0; 0; 0; 0; 0; 0; 0; 0; 0; 0; 0; 0; 0; 0; 59; 59; 59; 59; 59; 59; 0; 0; 0; 0; 0; 0; 0; 0; 0; 0; 0; 0; 0; 0; 0; 0; 0; 0; 0; 0; 0; 0];

% cost function results
costTotal = 7537862;

% per run statistics
per_run_cost = [6871681, 7587830, 6814389, 8503683, 7900654, 5154582, 7122253, 7709971, 7135623, 8475670, 7959315, 7801524, 8241085, 7158925, 6268020, 6025944, 9612384, 8683012, 7417577, 8930263, 8084891, 7255313, 5449092, 6474552, 6484805, 5690938, 6748150, 6349866, 7623929, 7014147, 9074895, 6616233, 9050319, 8235939, 5301291, 7088808, 8919457, 6290331, 6780510, 9205097, 8413760, 7703084, 8181112, 8857208, 7851074, 7043573, 7195208, 5714579, 7733964, 6488445, 7194166, 7303632, 9166585, 7880251, 7476636, 6296891, 6492574, 8893327, 8595408, 7607884, 5010802, 7783720, 6345746, 9133378, 8301549, 6799538, 7062414, 7322044, 8084504, 6384539, 5696773, 8215454, 5795146, 6409615, 6983299, 7889441, 8110962, 8023112, 9207998, 8082003, 8963802, 5500435, 7606491, 9379759, 9290913, 7199225, 6698915, 8571750, 7608232, 7603481, 7289399, 7296743, 8992071, 7431470, 8975344, 6451149, 8171389, 5597633, 7427445, 6896732, 7750707, 7519178, 8852551, 6302617, 8710422, 7944196, 7388851, 9143489, 7497936, 7358076, 8114320, 6107900, 5628343, 7671627, 8751038, 8181889, 7795569, 7157357, 5528898, 6908376, 5366475, 8150009, 7513526, 8525017, 8859838, 7181448, 8940987, 7215523, 7857617, 9035125, 6333850, 9441961, 6311725, 8219127, 6922188, 6302295, 7142848, 8279750, 6255804, 7665805, 8853812, 8223174, 7748403, 6268362, 7797328, 9549825, 7001545, 7039039, 6384958, 9286991, 8886577, 7947697, 6969917, 8277250, 8756040, 7982993, 8179178, 7669925, 7495322, 6298322, 8148248, 7540172, 8907361, 4006065, 6129156, 7767983, 5762016, 7597751, 7908799, 8055825, 9108555, 7560687, 6442262, 7888062, 7459977, 7875288, 8216165, 6583921, 8626709, 8941549, 5676142, 8357860, 8630839, 8628552, 8484472, 8183044, 9046872, 8802868, 6461400, 7006708, 7894282, 8026929, 8046285, 8527490, 7253761, 7301320, 7567282, 4892130, 6568088, 6441961];
per_run_duration_us = [60768, 64896, 77662, 75701, 58901, 72847, 70812, 76502, 77778, 63657, 65362, 63239, 72609, 66307, 68615, 62549, 76237, 79585, 67965, 77306, 56295, 56269, 70165, 77051, 62984, 65434, 63120, 68787, 72296, 66518, 68562, 62682, 74404, 65859, 76192, 64290, 63255, 63644, 63942, 67201, 86817, 70056, 73169, 62786, 73984, 66495, 63974, 71549, 81473, 62756, 66314, 62264, 68612, 63211, 67675, 61247, 78001, 86412, 74138, 84046, 66619, 63009, 66068, 63466, 77154, 71550, 80730, 54490, 69979, 73738, 68624, 70690, 59982, 66119, 64827, 68411, 61788, 58985, 77893, 126823, 80169, 63811, 76943, 67805, 84987, 68921, 71515, 94839, 69158, 88074, 69923, 68587, 63417, 78843, 73519, 72036, 64682, 74055, 85303, 65369, 67018, 63530, 62894, 55652, 82339, 67210, 67943, 71466, 60460, 54042, 66532, 66681, 64113, 67368, 78814, 50731, 53189, 69514, 57485, 56277, 66068, 58000, 53764, 57050, 66217, 53214, 48866, 58220, 64474, 61358, 76616, 55287, 78707, 73860, 66577, 66215, 78809, 114097, 107232, 82497, 47557, 66308, 62777, 89719, 66920, 56167, 53272, 65802, 65202, 81265, 64117, 63801, 59426, 100658, 53999, 79322, 90870, 60465, 64431, 112669, 56029, 56053, 59549, 66595, 59299, 58678, 117750, 60046, 47277, 56564, 96408, 58028, 57619, 59441, 57642, 95896, 56838, 64397, 64613, 55049, 66365, 64720, 54184, 54624, 61465, 59614, 77114, 71138, 72248, 68688, 74063, 57001, 58152, 68089, 54720, 62779, 113858, 74054, 65170, 127675];

