% t_n_i
% time:
generate_model = 4337;
duration_to_solve_model_us = 649;
create_model = 31;
% allocatedChunks
allocatedChunks(:,:,1) = [5, 0, 0, 0, 0, 0, 0, 0; 5, 0, 0, 0, 0, 0, 0, 0; 5, 0, 0, 0, 0, 0, 0, 0; 0, 0, 0, 0, 5, 0, 0, 0; 0, 0, 0, 0, 5, 0, 0, 0; 0, 0, 0, 0, 5, 0, 0, 0; 0, 0, 0, 0, 5, 0, 0, 0; 0, 0, 0, 0, 5, 0, 0, 0; 0, 0, 0, 0, 5, 0, 0, 0; 0, 0, 0, 0, 5, 0, 0, 0; 0, 5, 0, 0, 0, 0, 0, 0; 0, 5, 0, 0, 0, 0, 0, 0; 0, 5, 0, 0, 0, 0, 0, 0; 0, 5, 0, 0, 0, 0, 0, 0; 0, 5, 0, 0, 0, 0, 0, 0; 0, 5, 0, 0, 0, 0, 0, 0; 0, 5, 0, 0, 0, 0, 0, 0; 0, 5, 0, 0, 0, 0, 0, 0; 0, 5, 0, 0, 0, 0, 0, 0; 0, 5, 0, 0, 0, 0, 0, 0; 5, 0, 0, 0, 0, 0, 0, 0; 5, 0, 0, 0, 0, 0, 0, 0; 5, 0, 0, 0, 0, 0, 0, 0; 5, 0, 0, 0, 0, 0, 0, 0; 5, 0, 0, 0, 0, 0, 0, 0];
% non_allocated
non_allocated = [25];
% dl_vio
dl_vio = [0];
% st_vio
st_vio = [0];
% vioThroughput
vioThroughput = [0];
% non_allo_vio
non_allo_vio = [1400];
% nChunks
nChunks = [150];
% prefStartTime
prefStartTime = [0];
% deadline
deadline = [30];
% availBW
availBW = [38, 38, 38, 38, 38, 38, 38, 38, 38, 38, 38, 38, 38, 38, 38, 38, 38, 38, 38, 38, 38, 38, 38, 38, 38; 0, 0, 0, 0, 0, 0, 0, 0, 0, 14, 29, 44, 44, 44, 44, 44, 44, 44, 29, 14, 0, 0, 0, 0, 0; 0, 0, 0, 0, 0, 0, 0, 0, 0, 0, 0, 0, 27, 55, 55, 55, 55, 55, 27, 0, 0, 0, 0, 0, 0; 0, 0, 0, 0, 0, 0, 0, 17, 35, 53, 53, 53, 53, 53, 53, 35, 17, 0, 0, 0, 0, 0, 0, 0, 0; 0, 0, 0, 22, 44, 44, 44, 44, 44, 22, 0, 0, 0, 0, 0, 0, 0, 0, 0, 0, 0, 0, 0, 0, 0; 0, 0, 0, 0, 0, 0, 0, 23, 47, 71, 71, 71, 71, 71, 71, 47, 23, 0, 0, 0, 0, 0, 0, 0, 0; 0, 0, 0, 0, 21, 42, 64, 64, 64, 64, 64, 64, 64, 42, 21, 0, 0, 0, 0, 0, 0, 0, 0, 0, 0; 0, 0, 0, 14, 29, 44, 44, 44, 44, 44, 44, 44, 29, 14, 0, 0, 0, 0, 0, 0, 0, 0, 0, 0, 0];

