
% 2015-10-17 12:35:06

% my_logs\longTest1\0_2_1\rep_18\priority_log.m
scheduling_duration_us = 53675;

% schedule
schedule_f_t_n(:,:,1) = [5, 0; 5, 0; 5, 0; 5, 0; 5, 0; 5, 0; 5, 0; 5, 0; 5, 0; 5, 0; 5, 0; 5, 0; 5, 0; 5, 0; 5, 0; 5, 0; 5, 0; 5, 0; 5, 0; 5, 0; 5, 0; 5, 0; 5, 0; 5, 0; 0, 5; 0, 5; 0, 5; 0, 5; 0, 5; 0, 5; 0, 5; 0, 5; 0, 5; 0, 5; 0, 5; 0, 5; 0, 5; 0, 5; 5, 0; 5, 0; 5, 0; 5, 0; 5, 0; 5, 0; 5, 0; 5, 0; 5, 0; 5, 0; 5, 0; 5, 0; 5, 0; 5, 0; 5, 0; 5, 0; 5, 0; 5, 0; 5, 0; 5, 0; 5, 0; 5, 0; 5, 0; 5, 0; 5, 0; 5, 0; 5, 0; 5, 0; 5, 0; 5, 0; 5, 0; 5, 0; 5, 0; 5, 0; 5, 0; 5, 0; 5, 0; 5, 0; 5, 0; 5, 0; 5, 0; 5, 0; 5, 0; 5, 0; 5, 0; 5, 0; 5, 0; 5, 0; 5, 0; 5, 0; 5, 0; 5, 0; 5, 0; 5, 0; 5, 0; 5, 0; 5, 0; 5, 0; 5, 0; 5, 0; 5, 0; 0, 0];

% cost function results
vioSt = [0];
vioDl = [0];
vioNon = [6650];
vioTpMin = [0, 0, 0, 0, 0, 0, 0, 0, 0, 0, 0, 0, 0, 0, 0, 0, 0, 0, 0, 0, 0, 0, 0, 0, 0, 0, 0, 0, 0, 0, 0, 0, 0, 0, 0, 0, 0, 0, 0, 0, 0, 0, 0, 0, 0, 0, 0, 0, 0, 0, 0, 0, 0, 0, 0, 0, 0, 0, 0, 0, 0, 0, 0, 0, 0, 0, 0, 0, 0, 0, 0, 0, 0, 0, 0, 0, 0, 0, 0, 0, 0, 0, 0, 0, 0, 0, 0, 0, 0, 0, 0, 0, 0, 0, 0, 0, 0, 0, 0, 0];
vioTp = [0];
vioLcy = [166600];
vioJit = [25320];
cost_vio = 1985700;
cost_switches = 400;
cost_ch = 3185;
costTotal = 1989285;

% priority
% 
% ############### Network 0 ##############
% F0	|[0]5	|5	|5	|5	|5	|5	|5	|5	|5	|5	|[10]5	|5	|5	|5	|5	|5	|5	|5	|5	|5	|[20]5	|5	|5	|5	|	|	|	|	|	|	|[30]	|	|	|	|	|	|	|	|5	|5	|[40]5	|5	|5	|5	|5	|5	|5	|5	|5	|5	|[50]5	|5	|5	|5	|5	|5	|5	|5	|5	|5	|[60]5	|5	|5	|5	|5	|5	|5	|5	|5	|5	|[70]5	|5	|5	|5	|5	|5	|5	|5	|5	|5	|[80]5	|5	|5	|5	|5	|5	|5	|5	|5	|5	|[90]5	|5	|5	|5	|5	|5	|5	|5	|5	|	|
% ############### Network 1 ##############
% F0	|[0]	|	|	|	|	|	|	|	|	|	|[10]	|	|	|	|	|	|	|	|	|	|[20]	|	|	|	|5	|5	|5	|5	|5	|5	|[30]5	|5	|5	|5	|5	|5	|5	|5	|	|	|[40]	|	|	|	|	|	|	|	|	|	|[50]	|	|	|	|	|	|	|	|	|	|[60]	|	|	|	|	|	|	|	|	|	|[70]	|	|	|	|	|	|	|	|	|	|[80]	|	|	|	|	|	|	|	|	|	|[90]	|	|	|	|	|	|	|	|	|	|

