% t_n_i
% time:
generate_model = 4503;
duration_to_solve_model_us = 298;
create_model = 48;
% allocatedChunks
allocatedChunks(:,:,1) = [5, 0, 0, 0, 0, 0, 0, 0; 0, 0, 0, 5, 0, 0, 0, 0; 0, 0, 0, 5, 0, 0, 0, 0; 0, 0, 0, 5, 0, 0, 0, 0; 0, 0, 0, 5, 0, 0, 0, 0; 0, 0, 0, 5, 0, 0, 0, 0; 0, 5, 0, 0, 0, 0, 0, 0; 0, 5, 0, 0, 0, 0, 0, 0; 0, 5, 0, 0, 0, 0, 0, 0; 0, 0, 0, 0, 0, 0, 5, 0; 0, 0, 0, 0, 0, 0, 5, 0; 0, 5, 0, 0, 0, 0, 0, 0; 0, 5, 0, 0, 0, 0, 0, 0; 0, 0, 0, 0, 0, 5, 0, 0; 0, 0, 0, 0, 0, 5, 0, 0; 0, 0, 0, 0, 0, 5, 0, 0; 0, 0, 0, 0, 0, 5, 0, 0; 0, 0, 0, 0, 0, 5, 0, 0; 0, 0, 0, 0, 0, 5, 0, 0; 0, 0, 0, 0, 0, 5, 0, 0; 0, 0, 0, 0, 0, 5, 0, 0; 0, 0, 0, 0, 0, 5, 0, 0; 5, 0, 0, 0, 0, 0, 0, 0; 5, 0, 0, 0, 0, 0, 0, 0; 5, 0, 0, 0, 0, 0, 0, 0];
% non_allocated
non_allocated = [40];
% dl_vio
dl_vio = [0];
% st_vio
st_vio = [0];
% vioThroughput
vioThroughput = [0];
% non_allo_vio
non_allo_vio = [2240];
% nChunks
nChunks = [165];
% prefStartTime
prefStartTime = [0];
% deadline
deadline = [33];
% availBW
availBW = [24, 24, 24, 24, 24, 24, 24, 24, 24, 24, 24, 24, 24, 24, 24, 24, 24, 24, 24, 24, 24, 24, 24, 24, 24; 0, 0, 0, 0, 0, 20, 40, 61, 61, 61, 61, 61, 61, 61, 40, 20, 0, 0, 0, 0, 0, 0, 0, 0, 0; 0, 0, 0, 0, 0, 0, 0, 0, 0, 24, 48, 48, 48, 48, 48, 24, 0, 0, 0, 0, 0, 0, 0, 0, 0; 0, 36, 73, 73, 73, 73, 73, 36, 0, 0, 0, 0, 0, 0, 0, 0, 0, 0, 0, 0, 0, 0, 0, 0, 0; 0, 0, 0, 0, 0, 0, 0, 17, 35, 53, 53, 53, 53, 53, 53, 35, 17, 0, 0, 0, 0, 0, 0, 0, 0; 0, 0, 0, 0, 0, 0, 0, 0, 0, 0, 0, 23, 46, 70, 70, 70, 70, 70, 70, 70, 46, 23, 0, 0, 0; 0, 0, 0, 0, 0, 0, 0, 18, 37, 56, 56, 56, 56, 56, 56, 56, 37, 18, 0, 0, 0, 0, 0, 0, 0; 0, 0, 0, 0, 0, 0, 0, 24, 48, 72, 72, 72, 72, 72, 72, 48, 24, 0, 0, 0, 0, 0, 0, 0, 0];

