% t_n_i
% time:
generate_model = 2355;
duration_to_solve_model_us = 90;
create_model = 32;
% allocatedChunks
allocatedChunks(:,:,1) = [5, 0, 0, 0; 0, 5, 0, 0; 0, 5, 0, 0; 0, 5, 0, 0; 0, 5, 0, 0; 0, 5, 0, 0; 0, 5, 0, 0; 0, 5, 0, 0; 0, 5, 0, 0; 0, 5, 0, 0; 0, 0, 0, 5; 0, 0, 0, 5; 0, 0, 5, 0; 0, 0, 5, 0; 0, 0, 5, 0; 0, 0, 5, 0; 0, 0, 5, 0; 0, 0, 0, 5; 0, 0, 0, 5; 5, 0, 0, 0; 5, 0, 0, 0; 5, 0, 0, 0; 5, 0, 0, 0; 5, 0, 0, 0; 5, 0, 0, 0];
% non_allocated
non_allocated = [70];
% dl_vio
dl_vio = [0];
% st_vio
st_vio = [0];
% vioThroughput
vioThroughput = [0];
% non_allo_vio
non_allo_vio = [3920];
% nChunks
nChunks = [195];
% prefStartTime
prefStartTime = [0];
% deadline
deadline = [39];
% availBW
availBW = [32, 32, 32, 32, 32, 32, 32, 32, 32, 32, 32, 32, 32, 32, 32, 32, 32, 32, 32, 32, 32, 32, 32, 32, 32; 0, 24, 49, 74, 74, 74, 74, 74, 74, 49, 24, 0, 0, 0, 0, 0, 0, 0, 0, 0, 0, 0, 0, 0, 0; 0, 0, 0, 0, 0, 0, 0, 0, 0, 17, 34, 51, 51, 51, 51, 51, 51, 34, 17, 0, 0, 0, 0, 0, 0; 0, 0, 0, 0, 0, 0, 0, 0, 0, 15, 30, 46, 46, 46, 46, 46, 46, 30, 15, 0, 0, 0, 0, 0, 0];

