
% 2015-10-17 01:23:30

% my_logs\longTest1\0_1_1\rep_21\random_log.m
scheduling_duration_us = 9583;

% schedule
schedule_f_t_n(:,:,1) = [6, 0; 6, 0; 6, 0; 6, 0; 6, 0; 6, 0; 6, 0; 6, 0; 6, 0; 6, 0; 6, 0; 6, 0; 6, 0; 6, 0; 6, 0; 6, 0; 6, 0; 6, 0; 6, 0; 6, 0; 6, 0; 6, 0; 6, 0; 6, 0; 6, 0; 6, 0; 6, 0; 6, 0; 6, 0; 6, 0; 6, 0; 6, 0; 6, 0; 6, 0; 6, 0; 6, 0; 6, 0; 0, 6; 0, 6; 0, 6; 0, 6; 6, 0; 0, 6; 6, 0; 6, 0; 6, 0; 6, 0; 6, 0; 6, 0; 0, 0];

% cost function results
costTotal = 736297;

