
% 2015-10-17 01:05:39

% my_logs\longTest1\0_0_2\rep_4\random_log.m
scheduling_duration_us = 4253;

% schedule
schedule_f_t_n(:,:,1) = [6, 0, 0, 0; 6, 0, 0, 0; 6, 0, 0, 0; 6, 0, 0, 0; 6, 0, 0, 0; 6, 0, 0, 0; 6, 0, 0, 0; 6, 0, 0, 0; 6, 0, 0, 0; 0, 0, 6, 0; 0, 0, 6, 0; 0, 0, 6, 0; 0, 0, 0, 6; 0, 0, 6, 0; 0, 0, 0, 6; 6, 0, 0, 0; 0, 6, 0, 0; 0, 6, 0, 0; 6, 0, 0, 0; 0, 0, 0, 6; 0, 0, 0, 6; 6, 0, 0, 0; 6, 0, 0, 0; 6, 0, 0, 0; 0, 0, 0, 0];

% cost function results
costTotal = 360504;

