
% 2015-10-17 01:23:10

% my_logs\longTest1\0_1_1\rep_1\optimization_log.m
scheduling_duration_us = 275399;

% schedule
schedule_f_t_n(:,:,1) = [0, 0; 0, 0; 0, 0; 0, 0; 0, 0; 0, 0; 0, 0; 0, 4; 0, 4; 0, 4; 0, 4; 0, 4; 0, 4; 0, 4; 0, 4; 0, 4; 0, 4; 0, 4; 0, 4; 0, 4; 0, 4; 0, 0; 0, 0; 0, 0; 0, 0; 0, 0; 0, 0; 0, 0; 0, 0; 0, 0; 0, 0; 0, 0; 0, 0; 0, 0; 0, 0; 0, 0; 0, 0; 0, 0; 0, 0; 0, 0; 0, 0; 0, 0; 0, 0; 0, 0; 0, 0; 0, 0; 0, 0; 0, 0; 0, 0; 0, 0];

% cost function results
vioSt = [0];
vioDl = [0];
vioNon = [17633];
vioTpMin = [4, 4, 4, 4, 4, 4, 4, 0, 0, 0, 0, 0, 0, 0, 0, 0, 0, 0, 0, 0, 0, 4, 4, 4, 4, 4, 4, 4, 4, 4, 4, 4, 4, 4, 4, 4, 4, 4, 4, 4, 4, 4, 4, 4, 4, 4, 4, 4, 4, 0];
vioTp = [14000];
vioLcy = [0];
vioJit = [6272];
cost_vio = 416955;
cost_switches = 0;
cost_ch = 112;
costTotal = 417067;

% optimization
% 
% ############### Network 0 ##############
% ############### Network 1 ##############
% F0	|[0]	|	|	|	|	|	|	|4	|4	|4	|[10]4	|4	|4	|4	|4	|4	|4	|4	|4	|4	|[20]4	|	|	|	|	|	|	|	|	|	|[30]	|	|	|	|	|	|	|	|	|	|[40]	|	|	|	|	|	|	|	|	|	|

