
% 2015-10-17 01:23:10

% my_logs\longTest1\0_1_1\rep_1\random_log.m
scheduling_duration_us = 8588;

% schedule
schedule_f_t_n(:,:,1) = [6, 0; 6, 0; 6, 0; 6, 0; 6, 0; 6, 0; 6, 0; 0, 6; 0, 6; 0, 6; 6, 0; 0, 6; 0, 6; 6, 0; 6, 0; 0, 6; 6, 0; 0, 6; 0, 6; 6, 0; 0, 6; 6, 0; 6, 0; 6, 0; 6, 0; 6, 0; 6, 0; 6, 0; 6, 0; 6, 0; 6, 0; 6, 0; 6, 0; 6, 0; 6, 0; 6, 0; 6, 0; 6, 0; 6, 0; 6, 0; 6, 0; 6, 0; 6, 0; 6, 0; 6, 0; 6, 0; 6, 0; 3, 0; 0, 0; 0, 0];

% cost function results
costTotal = 1273411;

