
% 2016-05-26 10:25:24

% my_logs\eval_4_4_3_c15\4_1_0\rep_11\Random_log.m
scheduling_duration_us = 70075;

% schedule
schedule_f_t_n(:,:,1) = [0; 0; 0; 0; 0; 0; 0; 0; 37; 37; 37; 18; 18; 18; 18; 0; 0; 0; 0; 0; 0; 0; 0; 0; 26; 37; 37; 37; 37; 37; 37; 37; 19; 0; 0; 0; 0; 0; 0; 0; 0; 0; 0; 0; 0; 0; 0; 0; 0; 0];
schedule_f_t_n(:,:,2) = [0; 0; 0; 0; 0; 0; 0; 0; 0; 0; 0; 0; 0; 0; 0; 0; 0; 0; 0; 0; 0; 0; 0; 0; 0; 0; 0; 0; 0; 0; 0; 0; 0; 0; 0; 0; 0; 0; 0; 0; 0; 0; 0; 0; 0; 0; 0; 0; 0; 0];
schedule_f_t_n(:,:,3) = [0; 0; 0; 0; 0; 0; 0; 0; 0; 0; 0; 0; 0; 0; 0; 0; 0; 0; 0; 0; 0; 0; 0; 0; 0; 0; 0; 0; 0; 0; 0; 0; 0; 0; 0; 0; 0; 0; 0; 0; 0; 0; 0; 0; 7; 7; 7; 7; 0; 0];
schedule_f_t_n(:,:,4) = [0; 0; 0; 0; 0; 0; 0; 0; 0; 0; 0; 0; 0; 0; 0; 0; 0; 0; 0; 0; 0; 0; 0; 0; 0; 0; 0; 0; 0; 0; 0; 0; 0; 0; 0; 0; 0; 0; 0; 0; 0; 0; 26; 26; 0; 0; 0; 0; 0; 0];
schedule_f_t_n(:,:,5) = [0; 0; 0; 0; 0; 0; 0; 0; 0; 0; 0; 0; 0; 0; 0; 18; 18; 18; 37; 37; 37; 37; 37; 37; 11; 0; 0; 0; 0; 0; 0; 0; 0; 0; 0; 0; 0; 0; 0; 0; 0; 0; 0; 0; 0; 0; 0; 0; 0; 0];
schedule_f_t_n(:,:,6) = [0; 0; 0; 0; 0; 0; 0; 0; 0; 0; 0; 0; 0; 0; 0; 0; 0; 0; 0; 0; 0; 0; 0; 0; 0; 0; 0; 0; 0; 0; 0; 0; 0; 0; 0; 0; 0; 0; 0; 0; 0; 0; 0; 0; 0; 0; 0; 0; 0; 0];
schedule_f_t_n(:,:,7) = [0; 0; 0; 0; 0; 0; 6; 6; 0; 0; 0; 0; 0; 0; 0; 0; 0; 0; 0; 0; 0; 0; 0; 0; 0; 0; 0; 0; 0; 0; 0; 0; 6; 0; 0; 0; 0; 0; 0; 0; 0; 0; 0; 0; 0; 0; 0; 0; 0; 0];
schedule_f_t_n(:,:,8) = [0; 0; 0; 0; 0; 0; 0; 0; 0; 0; 0; 0; 0; 0; 0; 0; 0; 0; 0; 0; 0; 0; 0; 0; 0; 0; 0; 0; 0; 0; 0; 0; 0; 0; 0; 0; 0; 0; 0; 0; 0; 0; 0; 0; 0; 0; 0; 0; 0; 0];
schedule_f_t_n(:,:,9) = [0; 0; 0; 0; 0; 0; 0; 0; 0; 0; 0; 0; 0; 0; 0; 0; 0; 0; 0; 0; 0; 0; 0; 0; 0; 0; 0; 0; 0; 0; 0; 0; 0; 0; 0; 0; 0; 0; 0; 0; 0; 0; 0; 0; 0; 0; 0; 0; 0; 0];
schedule_f_t_n(:,:,10) = [37; 37; 37; 37; 37; 37; 31; 31; 0; 0; 0; 0; 0; 0; 0; 0; 0; 0; 0; 0; 0; 0; 0; 0; 0; 0; 0; 0; 0; 0; 0; 0; 0; 0; 0; 0; 0; 0; 0; 0; 0; 0; 0; 0; 0; 0; 0; 0; 0; 0];
schedule_f_t_n(:,:,11) = [0; 0; 0; 0; 0; 0; 0; 0; 0; 0; 0; 19; 19; 19; 19; 19; 19; 19; 0; 0; 0; 0; 0; 0; 0; 0; 0; 0; 0; 0; 0; 0; 0; 0; 0; 0; 0; 0; 0; 0; 0; 0; 0; 0; 0; 0; 0; 0; 0; 0];
schedule_f_t_n(:,:,12) = [0; 0; 0; 0; 0; 0; 0; 0; 0; 0; 0; 0; 0; 0; 0; 0; 0; 0; 0; 0; 0; 0; 0; 0; 0; 0; 0; 0; 0; 0; 0; 0; 1; 26; 26; 26; 26; 26; 26; 26; 26; 0; 0; 0; 0; 0; 0; 0; 0; 0];
schedule_f_t_n(:,:,13) = [0; 0; 0; 0; 0; 0; 0; 0; 0; 0; 0; 0; 0; 0; 0; 0; 0; 0; 0; 0; 0; 0; 0; 0; 0; 0; 0; 0; 0; 0; 0; 0; 0; 0; 0; 0; 0; 0; 0; 0; 0; 0; 0; 0; 0; 0; 0; 0; 0; 0];
schedule_f_t_n(:,:,14) = [0; 0; 0; 0; 0; 0; 0; 0; 0; 0; 0; 0; 0; 0; 0; 0; 0; 0; 0; 0; 0; 0; 0; 0; 0; 0; 0; 0; 0; 0; 0; 0; 0; 0; 0; 0; 0; 0; 0; 0; 0; 26; 0; 0; 0; 0; 0; 0; 0; 0];
schedule_f_t_n(:,:,15) = [0; 0; 0; 0; 0; 0; 0; 0; 0; 0; 0; 0; 0; 0; 0; 0; 0; 0; 0; 0; 0; 0; 0; 0; 0; 0; 0; 0; 0; 0; 0; 0; 11; 11; 11; 11; 11; 11; 11; 11; 11; 11; 11; 11; 11; 11; 11; 0; 0; 0];
schedule_f_t_n(:,:,16) = [0; 0; 0; 0; 0; 0; 0; 0; 0; 0; 0; 0; 0; 0; 0; 0; 0; 0; 0; 0; 0; 0; 0; 0; 0; 0; 0; 0; 0; 0; 0; 0; 0; 0; 0; 0; 0; 0; 0; 0; 0; 0; 0; 0; 0; 0; 0; 0; 0; 0];

% cost function results
costTotal = 7002933;

% per run statistics
per_run_cost = [6822946, 7962187, 7097288, 6980089, 7086041, 6027185, 7018144, 6851046, 7306053, 7351051, 6633891, 7144631, 6181780, 7196189, 7814969, 8042392, 6791762, 7854880, 8002219, 7948901, 5728722, 4985516, 7777394, 4884826, 6359748, 7808610, 6600147, 6444321, 4673990, 5957995, 8145803, 5958795, 6153635, 7447202, 4941240, 7962076, 5551803, 6731905, 7492285, 6096021, 7527325, 7565057, 7604108, 6911297, 7731221, 6820194, 8093653, 6955175, 7419479, 8083709, 7573308, 8186417, 7161054, 6911871, 7530007, 4961537, 7796739, 6892177, 7251704, 7788866, 6285356, 7962481, 6947989, 7435469, 6342984, 6892199, 7734375, 6589041, 6377162, 7236309, 7139730, 5736342, 6886572, 5992242, 8035969, 6685114, 7813077, 6610915, 8273675, 7928528, 8000327, 6736744, 7079487, 7907664, 7908491, 5637026, 7506866, 7250340, 6771276, 7321939, 8222453, 7298757, 7971548, 6667564, 6910813, 7100453, 6183779, 6078315, 7782855, 7379306, 8123470, 5945481, 7225677, 7452404, 7052307, 7757271, 6201110, 7015443, 5683396, 7704280, 7756948, 5834358, 7746890, 6849279, 7434429, 7122897, 7452545, 5945869, 5743842, 8035969, 6535368, 7914417, 5070847, 6391294, 6827356, 6065545, 7438616, 7989486, 6796718, 7847075, 4370896, 6743814, 5732500, 7751715, 6526700, 7862752, 8016183, 7082534, 7445580, 6265854, 7228601, 7817465, 6659543, 7901752, 7757528, 7754887, 5481688, 6688947, 6384724, 6043483, 6272134, 6924748, 7845686, 6281969, 7295642, 5719095, 7825104, 6676653, 7843355, 7719694, 6750289, 6684493, 7196779, 7595081, 7778140, 7084315, 6359410, 7427340, 5721299, 6791983, 7865648, 5992360, 7756205, 4905525, 6522098, 7760575, 6906441, 6525424, 5978480, 7029297, 7398952, 7242889, 7035486, 7114957, 7142526, 7817625, 6824569, 7142471, 7003521, 7720916, 7336950, 7936616, 5750621, 6589485, 6675789, 7520752, 7606704, 7334131, 7378956, 7297594];
per_run_duration_us = [62288, 66980, 71681, 90162, 66781, 76972, 66329, 87112, 75218, 70204, 79061, 68950, 80764, 69666, 72262, 67251, 72705, 77076, 68704, 81937, 66501, 73736, 72123, 69309, 78849, 70913, 65120, 73777, 70883, 83872, 69284, 69307, 70184, 88330, 67433, 74190, 71629, 71784, 68868, 78020, 74952, 65055, 68334, 74297, 70338, 65674, 62140, 68648, 67625, 64828, 60803, 58950, 62877, 61446, 69690, 87392, 90144, 61611, 79153, 76306, 80327, 70352, 89662, 80728, 59026, 73056, 62693, 69560, 65892, 70281, 75266, 73848, 71219, 100031, 70832, 62104, 66996, 75299, 62783, 65295, 68555, 69713, 69137, 71041, 66087, 63520, 66384, 57537, 67903, 69387, 63009, 65694, 68078, 65112, 69998, 70402, 69419, 69818, 69219, 67355, 68501, 77330, 78191, 82144, 70580, 65038, 70998, 67069, 60222, 60565, 61122, 67974, 72508, 64346, 64066, 68391, 69612, 68403, 69114, 67931, 66202, 64786, 70294, 67224, 68298, 82734, 71159, 64485, 75938, 74269, 71431, 74584, 71241, 75572, 67065, 75199, 87771, 69917, 77526, 72481, 66502, 71139, 87323, 67777, 70950, 84841, 68056, 64411, 71653, 69217, 66497, 69784, 65122, 75350, 66785, 74592, 65544, 71165, 65572, 66796, 68047, 68842, 72033, 64478, 70609, 66239, 66268, 73340, 63839, 83852, 65217, 65246, 62697, 63272, 61980, 64008, 75806, 66594, 77696, 62527, 63479, 77749, 67368, 78351, 64336, 66704, 77531, 99386, 62670, 60632, 60227, 61708, 58692, 59203, 61586, 56490, 56402, 61339, 59890, 58213];

