
% 2015-10-17 01:03:46

% my_logs\longTest1\2_0_0\rep_6\priority_log.m
scheduling_duration_us = 2007;

% schedule
schedule_f_t_n(:,:,1) = [5; 5; 5; 5; 5; 5; 5; 5; 5; 5; 5; 5; 5; 5; 5; 5; 5; 5; 5; 5; 5; 5; 5; 0; 0];
schedule_f_t_n(:,:,2) = [0; 0; 0; 0; 0; 0; 0; 0; 0; 0; 0; 0; 0; 0; 0; 0; 0; 0; 0; 0; 0; 0; 0; 0; 0];
schedule_f_t_n(:,:,3) = [21; 0; 0; 0; 0; 0; 0; 0; 0; 0; 0; 0; 0; 0; 0; 0; 0; 0; 0; 0; 0; 0; 0; 0; 0];
schedule_f_t_n(:,:,4) = [0; 0; 0; 0; 0; 0; 0; 0; 0; 0; 0; 0; 0; 0; 0; 0; 0; 0; 24; 24; 24; 24; 24; 29; 0];

% cost function results
vioSt = [0, 0, 0, 0];
vioDl = [0, 0, 0, 0];
vioNon = [2070, 1800, 0, 20041];
vioTpMin = [0, 0, 0, 0, 0, 0, 0, 0, 0, 0, 0, 0, 0, 0, 0, 0, 0, 0, 0, 0, 0, 0, 0, 0, 0; 0, 0, 0, 0, 0, 0, 0, 0, 0, 0, 0, 0, 0, 0, 0, 0, 0, 0, 0, 0, 0, 0, 0, 0, 0; 0, 0, 0, 0, 0, 0, 0, 0, 0, 0, 0, 0, 0, 0, 0, 0, 0, 0, 0, 0, 0, 0, 0, 0, 0; 0, 0, 0, 0, 0, 0, 0, 0, 0, 0, 0, 0, 0, 0, 0, 0, 0, 0, 0, 0, 0, 0, 0, 0, 0];
vioTp = [0, 0, 0, 0];
vioLcy = [7245, 0, 0, 0];
vioJit = [5175, 0, 0, 0];
cost_vio = 295987;
cost_switches = 0;
cost_ch = 2850;
costTotal = 298837;

% priority
% 
% ############### Network 0 ##############
% F0	|[0]5	|5	|5	|5	|5	|5	|5	|5	|5	|5	|[10]5	|5	|5	|5	|5	|5	|5	|5	|5	|5	|[20]5	|5	|5	|	|	|
% F2	|[0]21	|	|	|	|	|	|	|	|	|	|[10]	|	|	|	|	|	|	|	|	|	|[20]	|	|	|	|	|
% F3	|[0]	|	|	|	|	|	|	|	|	|	|[10]	|	|	|	|	|	|	|	|24	|24	|[20]24	|24	|24	|29	|	|

