
% 2016-05-26 10:26:26

% my_logs\eval_4_4_3_c15\4_1_0\rep_19\Random_log.m
scheduling_duration_us = 72696;

% schedule
schedule_f_t_n(:,:,1) = [0; 0; 0; 0; 0; 0; 0; 0; 0; 0; 0; 0; 0; 0; 0; 0; 0; 0; 0; 0; 0; 0; 0; 0; 0; 0; 0; 0; 0; 0; 0; 0; 0; 0; 0; 0; 0; 0; 0; 0; 0; 0; 0; 0; 0; 0; 0; 0; 0; 0];
schedule_f_t_n(:,:,2) = [0; 0; 0; 0; 0; 0; 0; 0; 0; 0; 0; 0; 0; 0; 0; 0; 0; 0; 0; 0; 0; 0; 0; 0; 0; 0; 0; 0; 0; 0; 0; 0; 0; 0; 0; 0; 0; 0; 0; 0; 0; 21; 21; 21; 21; 21; 21; 21; 21; 0];
schedule_f_t_n(:,:,3) = [0; 0; 0; 0; 0; 0; 0; 0; 0; 0; 0; 0; 0; 0; 0; 0; 0; 0; 0; 0; 0; 0; 0; 0; 0; 0; 0; 0; 0; 0; 0; 0; 0; 0; 0; 0; 0; 0; 0; 0; 0; 0; 0; 0; 0; 0; 0; 0; 0; 0];
schedule_f_t_n(:,:,4) = [0; 0; 0; 0; 0; 0; 0; 0; 0; 0; 0; 0; 0; 0; 0; 0; 0; 0; 0; 0; 0; 0; 0; 0; 0; 0; 0; 0; 0; 0; 0; 0; 0; 0; 0; 0; 0; 0; 0; 0; 0; 0; 0; 0; 0; 0; 0; 0; 0; 0];
schedule_f_t_n(:,:,5) = [0; 0; 0; 0; 0; 0; 0; 0; 0; 0; 0; 0; 0; 0; 0; 0; 0; 0; 0; 0; 0; 0; 0; 0; 0; 0; 0; 0; 0; 0; 0; 0; 0; 0; 0; 0; 0; 0; 0; 0; 0; 0; 0; 0; 0; 0; 0; 0; 0; 0];
schedule_f_t_n(:,:,6) = [0; 0; 0; 0; 0; 0; 0; 0; 0; 0; 0; 0; 0; 0; 0; 0; 0; 0; 0; 0; 0; 0; 0; 0; 0; 0; 0; 0; 0; 0; 0; 0; 0; 0; 0; 0; 0; 0; 0; 0; 0; 0; 0; 0; 0; 0; 0; 0; 0; 0];
schedule_f_t_n(:,:,7) = [0; 0; 0; 0; 0; 0; 0; 0; 0; 0; 0; 0; 0; 0; 0; 0; 0; 0; 0; 0; 0; 0; 0; 0; 0; 0; 0; 0; 0; 0; 0; 0; 0; 0; 0; 0; 0; 0; 0; 0; 0; 0; 0; 0; 0; 0; 0; 0; 0; 0];
schedule_f_t_n(:,:,8) = [0; 0; 0; 0; 0; 0; 0; 0; 0; 0; 0; 0; 0; 0; 0; 0; 0; 0; 0; 0; 0; 0; 0; 0; 0; 0; 0; 0; 0; 0; 0; 0; 0; 0; 0; 0; 0; 0; 0; 0; 0; 0; 0; 0; 0; 0; 0; 0; 0; 0];
schedule_f_t_n(:,:,9) = [21; 21; 21; 21; 21; 21; 21; 21; 21; 21; 21; 0; 0; 0; 0; 0; 0; 0; 0; 0; 0; 0; 0; 0; 0; 0; 0; 0; 0; 0; 0; 0; 0; 0; 0; 0; 0; 0; 0; 0; 0; 0; 0; 0; 0; 0; 0; 0; 0; 0];
schedule_f_t_n(:,:,10) = [0; 0; 0; 0; 0; 0; 0; 0; 0; 0; 0; 0; 0; 0; 0; 0; 0; 0; 0; 0; 0; 0; 0; 0; 0; 0; 21; 21; 21; 21; 21; 21; 21; 21; 21; 21; 21; 21; 21; 21; 21; 0; 0; 0; 0; 0; 0; 0; 0; 0];
schedule_f_t_n(:,:,11) = [0; 0; 0; 0; 0; 0; 0; 0; 0; 0; 0; 0; 0; 0; 0; 0; 0; 0; 0; 0; 0; 0; 0; 0; 0; 0; 0; 0; 0; 0; 0; 0; 0; 0; 0; 0; 0; 0; 0; 0; 0; 0; 0; 0; 0; 0; 0; 0; 0; 0];
schedule_f_t_n(:,:,12) = [0; 0; 0; 0; 0; 0; 0; 0; 0; 0; 0; 0; 0; 0; 0; 0; 0; 0; 0; 0; 0; 0; 0; 0; 0; 0; 0; 0; 0; 0; 0; 0; 0; 0; 0; 0; 0; 0; 0; 0; 0; 0; 0; 0; 0; 0; 0; 0; 0; 0];
schedule_f_t_n(:,:,13) = [0; 0; 0; 0; 0; 0; 0; 0; 0; 0; 0; 0; 0; 0; 0; 0; 0; 0; 0; 0; 0; 0; 0; 0; 0; 0; 0; 0; 0; 0; 0; 0; 0; 0; 0; 0; 0; 0; 0; 0; 0; 0; 0; 0; 0; 0; 0; 0; 0; 0];
schedule_f_t_n(:,:,14) = [0; 0; 0; 0; 0; 0; 0; 0; 0; 0; 0; 0; 0; 0; 0; 0; 0; 0; 0; 0; 0; 0; 0; 0; 0; 0; 0; 0; 0; 0; 0; 0; 0; 0; 0; 0; 0; 0; 0; 0; 0; 0; 0; 0; 0; 0; 0; 0; 0; 0];
schedule_f_t_n(:,:,15) = [0; 0; 0; 0; 0; 0; 0; 0; 0; 0; 0; 0; 0; 0; 0; 0; 0; 21; 21; 21; 21; 21; 21; 21; 21; 21; 0; 0; 0; 0; 0; 0; 0; 0; 0; 0; 0; 0; 0; 0; 0; 0; 0; 0; 0; 0; 0; 0; 0; 0];
schedule_f_t_n(:,:,16) = [0; 0; 0; 0; 0; 0; 0; 0; 0; 0; 0; 21; 21; 21; 21; 21; 21; 0; 0; 0; 0; 0; 0; 0; 0; 0; 0; 0; 0; 0; 0; 0; 0; 0; 0; 0; 0; 0; 0; 0; 0; 0; 0; 0; 0; 0; 0; 0; 0; 0];

% cost function results
costTotal = 6482580;

% per run statistics
per_run_cost = [6392485, 6836512, 6848182, 5360238, 6708637, 4875694, 6279020, 5542140, 7153587, 6616575, 6656035, 6494422, 6839349, 6839191, 6001474, 6893380, 6792298, 7157644, 7025836, 5450224, 5017962, 6068653, 5832702, 7113849, 6629038, 4501419, 7135557, 6005079, 5639469, 7095197, 7147259, 6773164, 6733908, 6843459, 7118235, 6065449, 7104196, 5502939, 7104196, 7024299, 6761014, 6754966, 6056946, 6839158, 5088960, 6960256, 6509088, 6761964, 5959323, 5541870, 7153587, 6592794, 7135557, 6617700, 6504358, 6985060, 7109313, 6696384, 5540294, 7006316, 6822453, 7153587, 6608769, 6879891, 6580960, 5588870, 6983614, 6817044, 7079398, 7109313, 6932297, 6550561, 6760260, 6733995, 6761014, 7153587, 6968644, 6889189, 6850616, 5149589, 6937454, 5560611, 6537423, 6811479, 5311393, 7025578, 6987229, 6563368, 6225885, 7165393, 6595770, 6968644, 5976815, 6469934, 6583503, 6317301, 5119060, 7147259, 6267781, 7113700, 6151912, 7106404, 6757569, 6006432, 7088270, 7109313, 6891411, 5383033, 5175983, 7025578, 6164548, 6982852, 6834251, 7153587, 6164548, 7153587, 6857175, 7165393, 4721347, 5152593, 5841303, 7127691, 6531546, 6030675, 6475706, 5490877, 5377462, 6141841, 6566184, 6151912, 5368279, 6695826, 5733961, 6912438, 7127691, 6226027, 6207399, 7147259, 7165393, 7157644, 5294660, 6460465, 7104196, 7107441, 7153587, 6015165, 6897731, 7135557, 5887648, 5910460, 6650485, 6269130, 6351121, 6805594, 5863940, 6884556, 7020412, 6950749, 7130511, 7147259, 6604650, 5846577, 5539858, 6849055, 6889473, 6884418, 5108238, 4850489, 6136036, 7153587, 7042285, 6534298, 7157968, 5816762, 5605330, 6965950, 5731522, 7095263, 6070146, 5688747, 7157644, 5689947, 6736832, 6627471, 7127691, 5980335, 7165393, 7157968, 6118512, 7157644, 7099062, 6714538, 5920049, 5923750, 5932512, 6490702, 6108063, 5815886, 6764936, 6839932];
per_run_duration_us = [114019, 87692, 84398, 92535, 94702, 101637, 98152, 78782, 93729, 84804, 85548, 92730, 57207, 57912, 78806, 78416, 65158, 62557, 63774, 73717, 75662, 62716, 76030, 67220, 64480, 78323, 59875, 60462, 73220, 62911, 69839, 61114, 61916, 74912, 86478, 92715, 72266, 61976, 66775, 73117, 75336, 90451, 66410, 85717, 68211, 66487, 76130, 63983, 66945, 62173, 63388, 88648, 66008, 76338, 72494, 69284, 66716, 84800, 76373, 70038, 75446, 77577, 146268, 69431, 65250, 73760, 80113, 79465, 89371, 93140, 67160, 66976, 65037, 68387, 69730, 83078, 84407, 72234, 66304, 67038, 68370, 80813, 76590, 84863, 92295, 76567, 94145, 68206, 70829, 76756, 65640, 79991, 64624, 73660, 73393, 92770, 93506, 82784, 72645, 77346, 83918, 87975, 68742, 84414, 73257, 62893, 93964, 86478, 98913, 61700, 64953, 63912, 64346, 70018, 61133, 60877, 64083, 86776, 63219, 94991, 71491, 74727, 73370, 73824, 60233, 61166, 57715, 69158, 70611, 76548, 80624, 97245, 59450, 58095, 65721, 60731, 71915, 61026, 75658, 62309, 59508, 58233, 58843, 74547, 62045, 58260, 62154, 68083, 62357, 72296, 64457, 64387, 64315, 66535, 59326, 65610, 72380, 67684, 60641, 61287, 65295, 60183, 71301, 70483, 70656, 90793, 60431, 58570, 58053, 58004, 60100, 58233, 59271, 58600, 66795, 83971, 60108, 61088, 90081, 66018, 73452, 65608, 151786, 58003, 57971, 58128, 57417, 57796, 57359, 57895, 59574, 82967, 74940, 63440, 85877, 79367, 73713, 80203, 56103, 68179];

