
% 2015-10-17 01:05:44

% my_logs\longTest1\0_0_2\rep_15\random_log.m
scheduling_duration_us = 4158;

% schedule
schedule_f_t_n(:,:,1) = [6, 0, 0, 0; 6, 0, 0, 0; 6, 0, 0, 0; 6, 0, 0, 0; 6, 0, 0, 0; 6, 0, 0, 0; 0, 6, 0, 0; 6, 0, 0, 0; 0, 0, 6, 0; 0, 0, 6, 0; 6, 0, 0, 0; 0, 0, 0, 6; 0, 0, 6, 0; 0, 0, 6, 0; 6, 0, 0, 0; 0, 0, 0, 6; 6, 0, 0, 0; 6, 0, 0, 0; 6, 0, 0, 0; 6, 0, 0, 0; 6, 0, 0, 0; 6, 0, 0, 0; 6, 0, 0, 0; 6, 0, 0, 0; 0, 0, 0, 0];

% cost function results
costTotal = 330651;

