
% 2015-10-17 01:03:53

% my_logs\longTest1\2_0_0\rep_26\priorityMatch_log.m
scheduling_duration_us = 3255;

% schedule
schedule_f_t_n(:,:,1) = [6; 6; 6; 6; 6; 6; 6; 6; 6; 6; 6; 0; 0; 0; 0; 0; 0; 0; 0; 0; 0; 0; 0; 0; 0];
schedule_f_t_n(:,:,2) = [23; 2; 0; 0; 0; 0; 0; 0; 0; 0; 0; 0; 0; 0; 0; 0; 0; 0; 0; 0; 0; 0; 0; 0; 0];
schedule_f_t_n(:,:,3) = [0; 21; 1; 0; 0; 0; 0; 0; 0; 0; 0; 0; 0; 0; 0; 0; 0; 0; 0; 0; 0; 0; 0; 0; 0];
schedule_f_t_n(:,:,4) = [0; 0; 0; 0; 0; 0; 0; 0; 0; 0; 0; 29; 29; 29; 29; 29; 29; 29; 29; 29; 29; 29; 29; 29; 29];

% cost function results
vioSt = [0, 0, 0, 2639];
vioDl = [0, 0, 0, 261];
vioNon = [5346, 0, 0, 6930];
vioTpMin = [0, 0, 0, 0, 0, 0, 0, 0, 0, 0, 0, 4, 4, 4, 4, 4, 4, 4, 4, 4, 4, 4, 0, 0, 0; 0, 0, 0, 0, 0, 0, 0, 0, 0, 0, 0, 0, 0, 0, 0, 0, 0, 0, 0, 0, 0, 0, 0, 0, 0; 0, 0, 0, 0, 0, 0, 0, 0, 0, 0, 0, 0, 0, 0, 0, 0, 0, 0, 0, 0, 0, 0, 0, 0, 0; 0, 0, 0, 0, 0, 0, 0, 0, 0, 0, 0, 0, 0, 0, 0, 0, 0, 0, 0, 0, 0, 0, 0, 0, 0];
vioTp = [4400, 0, 0, 0];
vioLcy = [13200, 0, 0, 0];
vioJit = [4158, 0, 0, 0];
cost_vio = 332406;
cost_switches = 0;
cost_ch = 3633;
costTotal = 336039;

% priorityMatch
% 
% ############### Network 0 ##############
% F0	|[0]6	|6	|6	|6	|6	|6	|6	|6	|6	|6	|[10]6	|	|	|	|	|	|	|	|	|	|[20]	|	|	|	|	|
% F1	|[0]23	|2	|	|	|	|	|	|	|	|	|[10]	|	|	|	|	|	|	|	|	|	|[20]	|	|	|	|	|
% F2	|[0]	|21	|1	|	|	|	|	|	|	|	|[10]	|	|	|	|	|	|	|	|	|	|[20]	|	|	|	|	|
% F3	|[0]	|	|	|	|	|	|	|	|	|	|[10]	|29	|29	|29	|29	|29	|29	|29	|29	|29	|[20]29	|29	|29	|29	|29	|

