
% 2015-10-17 01:20:10

% my_logs\longTest1\0_1_0\rep_28\random_log.m
scheduling_duration_us = 4008;

% schedule
schedule_f_t_n(:,:,1) = [6; 6; 6; 6; 6; 6; 6; 6; 6; 6; 6; 6; 6; 6; 6; 6; 6; 6; 6; 6; 6; 6; 6; 6; 6; 6; 6; 6; 6; 6; 6; 6; 6; 6; 6; 6; 6; 6; 6; 6; 0; 0; 0; 0; 0; 0; 0; 0; 0; 0];

% cost function results
costTotal = 334560;

