% t_n_i
% time:
generate_model = 5157;
duration_to_solve_model_us = 806;
create_model = 68;
% allocatedChunks
allocatedChunks(:,:,1) = [5, 0; 5, 0; 5, 0; 5, 0; 5, 0; 5, 0; 5, 0; 5, 0; 5, 0; 5, 0; 5, 0; 5, 0; 5, 0; 5, 0; 5, 0; 5, 0; 5, 0; 5, 0; 5, 0; 5, 0; 5, 0; 5, 0; 5, 0; 5, 0; 5, 0; 5, 0; 5, 0; 5, 0; 5, 0; 5, 0; 5, 0; 5, 0; 5, 0; 5, 0; 5, 0; 5, 0; 5, 0; 5, 0; 5, 0; 5, 0; 5, 0; 5, 0; 5, 0; 5, 0; 5, 0; 5, 0; 5, 0; 0, 5; 0, 5; 0, 5; 0, 5; 0, 5; 0, 5; 0, 5; 0, 5; 0, 5; 0, 5; 0, 5; 5, 0; 5, 0; 5, 0; 5, 0; 5, 0; 5, 0; 5, 0; 5, 0; 5, 0; 5, 0; 5, 0; 5, 0; 5, 0; 5, 0; 5, 0; 5, 0; 5, 0; 5, 0; 5, 0; 5, 0; 5, 0; 5, 0; 5, 0; 5, 0; 5, 0; 5, 0; 5, 0; 5, 0; 5, 0; 5, 0; 5, 0; 5, 0; 5, 0; 5, 0; 5, 0; 5, 0; 5, 0; 5, 0; 5, 0; 5, 0; 5, 0; 5, 0];
% non_allocated
non_allocated = [30];
% dl_vio
dl_vio = [0];
% st_vio
st_vio = [0];
% vioThroughput
vioThroughput = [0];
% non_allo_vio
non_allo_vio = [1680];
% nChunks
nChunks = [530];
% prefStartTime
prefStartTime = [0];
% deadline
deadline = [106];
% availBW
availBW = [26, 26, 26, 26, 26, 26, 26, 26, 26, 26, 26, 26, 26, 26, 26, 26, 26, 26, 26, 26, 26, 26, 26, 26, 26, 26, 26, 26, 26, 26, 26, 26, 26, 26, 26, 26, 26, 26, 26, 26, 26, 26, 26, 26, 26, 26, 26, 26, 26, 26, 26, 26, 26, 26, 26, 26, 26, 26, 26, 26, 26, 26, 26, 26, 26, 26, 26, 26, 26, 26, 26, 26, 26, 26, 26, 26, 26, 26, 26, 26, 26, 26, 26, 26, 26, 26, 26, 26, 26, 26, 26, 26, 26, 26, 26, 26, 26, 26, 26, 26; 0, 0, 0, 0, 0, 0, 0, 0, 0, 0, 0, 0, 0, 0, 0, 0, 0, 0, 0, 0, 0, 0, 0, 0, 0, 0, 0, 0, 0, 0, 0, 0, 0, 0, 0, 0, 0, 0, 0, 0, 0, 0, 0, 0, 0, 0, 0, 12, 24, 36, 36, 36, 36, 36, 36, 36, 24, 12, 0, 0, 0, 0, 0, 0, 0, 0, 0, 0, 0, 0, 0, 0, 0, 0, 0, 0, 0, 0, 0, 0, 0, 0, 0, 0, 0, 0, 0, 0, 0, 0, 0, 0, 0, 0, 0, 0, 0, 0, 0, 0];

