
% 2016-05-25 16:31:06

% my_logs\eval_4_4_3_c15\4_1_0\rep_0\Random_log.m
scheduling_duration_us = 85568;

% schedule
schedule_f_t_n(:,:,1) = [0; 0; 0; 0; 0; 0; 0; 0; 0; 0; 0; 0; 0; 0; 0; 0; 0; 0; 0; 0; 0; 0; 0; 0; 0; 0; 0; 0; 0; 0; 0; 0; 0; 0; 0; 0; 0; 0; 0; 0; 0; 36; 36; 36; 0; 0; 0; 0; 0; 0];
schedule_f_t_n(:,:,2) = [0; 0; 0; 0; 0; 0; 0; 0; 0; 0; 0; 0; 0; 0; 0; 0; 0; 0; 0; 0; 0; 0; 0; 0; 0; 0; 0; 0; 0; 0; 0; 0; 0; 0; 0; 0; 0; 0; 0; 0; 0; 0; 0; 0; 29; 36; 36; 0; 0; 0];
schedule_f_t_n(:,:,3) = [0; 0; 0; 0; 0; 0; 0; 0; 0; 0; 0; 0; 0; 0; 0; 0; 0; 0; 0; 0; 0; 0; 0; 0; 0; 0; 0; 0; 0; 0; 0; 0; 0; 0; 0; 0; 0; 0; 0; 0; 0; 0; 0; 0; 0; 0; 0; 0; 0; 0];
schedule_f_t_n(:,:,4) = [0; 0; 0; 0; 0; 0; 0; 0; 0; 0; 0; 0; 0; 0; 0; 0; 0; 0; 0; 0; 0; 0; 0; 0; 0; 0; 0; 0; 0; 0; 0; 0; 0; 0; 0; 0; 0; 0; 0; 0; 0; 0; 0; 0; 0; 0; 0; 0; 0; 0];
schedule_f_t_n(:,:,5) = [0; 0; 0; 0; 0; 0; 0; 0; 0; 0; 0; 0; 0; 0; 0; 0; 0; 0; 0; 0; 0; 0; 0; 0; 0; 0; 0; 0; 0; 0; 0; 0; 0; 0; 0; 0; 0; 0; 0; 0; 0; 0; 0; 0; 0; 0; 0; 0; 0; 0];
schedule_f_t_n(:,:,6) = [0; 0; 0; 0; 0; 0; 0; 0; 0; 0; 0; 0; 0; 0; 0; 0; 0; 0; 0; 0; 0; 0; 0; 0; 5; 21; 21; 21; 21; 21; 21; 21; 36; 36; 36; 36; 36; 36; 36; 36; 36; 0; 0; 0; 0; 0; 0; 0; 0; 0];
schedule_f_t_n(:,:,7) = [0; 0; 0; 0; 0; 0; 0; 0; 0; 0; 0; 0; 0; 0; 0; 0; 0; 0; 0; 0; 0; 0; 0; 0; 0; 0; 0; 0; 0; 0; 0; 0; 0; 0; 0; 0; 0; 0; 0; 0; 0; 0; 0; 0; 0; 0; 0; 0; 0; 0];
schedule_f_t_n(:,:,8) = [0; 0; 0; 0; 0; 0; 0; 0; 0; 0; 0; 0; 0; 0; 0; 0; 0; 0; 0; 0; 0; 0; 0; 0; 0; 0; 0; 0; 0; 0; 0; 0; 0; 0; 0; 0; 0; 0; 0; 0; 0; 0; 0; 0; 0; 0; 0; 0; 0; 0];
schedule_f_t_n(:,:,9) = [0; 0; 0; 0; 0; 0; 0; 0; 0; 0; 0; 0; 0; 0; 0; 0; 0; 0; 0; 0; 0; 0; 0; 0; 0; 0; 0; 0; 0; 0; 0; 0; 0; 0; 0; 0; 0; 0; 0; 0; 0; 0; 0; 0; 0; 0; 0; 0; 0; 0];
schedule_f_t_n(:,:,10) = [0; 0; 0; 0; 0; 0; 0; 0; 0; 0; 0; 0; 0; 0; 0; 0; 0; 0; 0; 0; 0; 0; 0; 0; 0; 0; 0; 0; 0; 0; 0; 0; 0; 0; 0; 0; 0; 0; 0; 0; 0; 0; 0; 0; 0; 0; 0; 0; 0; 0];
schedule_f_t_n(:,:,11) = [0; 0; 0; 0; 0; 0; 0; 0; 0; 0; 0; 0; 0; 0; 0; 0; 0; 0; 0; 0; 0; 0; 0; 0; 15; 15; 15; 15; 15; 15; 15; 15; 0; 0; 0; 0; 0; 0; 0; 0; 0; 0; 0; 0; 0; 0; 0; 0; 0; 0];
schedule_f_t_n(:,:,12) = [0; 0; 0; 0; 0; 0; 0; 0; 0; 0; 0; 0; 0; 0; 0; 0; 0; 0; 0; 0; 0; 0; 0; 0; 0; 0; 0; 0; 0; 0; 0; 0; 0; 0; 0; 0; 0; 0; 0; 0; 0; 0; 0; 0; 0; 0; 0; 0; 0; 0];
schedule_f_t_n(:,:,13) = [0; 0; 0; 0; 0; 0; 0; 0; 0; 0; 0; 0; 0; 0; 0; 0; 0; 0; 0; 0; 0; 0; 0; 0; 0; 0; 0; 0; 0; 0; 0; 0; 0; 0; 0; 0; 0; 0; 0; 0; 0; 0; 0; 0; 0; 0; 0; 0; 0; 0];
schedule_f_t_n(:,:,14) = [36; 36; 36; 36; 36; 36; 36; 36; 36; 36; 36; 36; 36; 36; 36; 36; 36; 36; 36; 36; 36; 36; 36; 36; 16; 0; 0; 0; 0; 0; 0; 0; 0; 0; 0; 0; 0; 0; 0; 0; 0; 0; 0; 0; 0; 0; 0; 0; 0; 0];
schedule_f_t_n(:,:,15) = [0; 0; 0; 0; 0; 0; 0; 0; 0; 0; 0; 0; 0; 0; 0; 0; 0; 0; 0; 0; 0; 0; 0; 0; 0; 0; 0; 0; 0; 0; 0; 0; 0; 0; 0; 0; 0; 0; 0; 0; 0; 0; 0; 0; 7; 0; 0; 0; 0; 0];
schedule_f_t_n(:,:,16) = [0; 0; 0; 0; 0; 0; 0; 0; 0; 0; 0; 0; 0; 0; 0; 0; 0; 0; 0; 0; 0; 0; 0; 0; 0; 0; 0; 0; 0; 0; 0; 0; 0; 0; 0; 0; 0; 0; 0; 0; 0; 0; 0; 0; 0; 0; 0; 0; 0; 0];

% cost function results
costTotal = 6125926;

% per run statistics
per_run_cost = [6459969, 6379864, 6727449, 5902975, 6946390, 4243727, 5666612, 5982766, 5265508, 6057943, 6621771, 4127540, 6544049, 6464511, 6825567, 5718428, 6307011, 6988402, 5830440, 6890796, 6861596, 6498254, 5743981, 5794424, 6044738, 4484456, 5780262, 6683967, 6265135, 3663136, 6234718, 6684185, 4397732, 5626386, 5913894, 5162189, 3785705, 4801969, 6402723, 7068340, 7011908, 6749067, 6607538, 4917514, 4674320, 6991040, 6726763, 5851324, 5413241, 4566058, 6856604, 5191380, 6675483, 5810847, 5848705, 5940839, 6689388, 5010775, 6347246, 7001244, 5255455, 6709589, 7068340, 6087304, 7068340, 5929703, 6293498, 6427364, 4984423, 6684704, 6376020, 5981778, 6503315, 6718486, 4050370, 6745876, 5998127, 6832494, 6806705, 5944877, 5896360, 4571108, 6706853, 6424084, 5939687, 7068340, 6461592, 6624953, 5919760, 6612079, 6300065, 6113393, 6697305, 6680961, 5841269, 6750187, 5548223, 6376903, 7043534, 6624171, 6589955, 6958063, 5978293, 5136939, 6586911, 4277305, 6781609, 6849726, 6882699, 5928248, 6231533, 4967857, 6929747, 6211719, 6733831, 5962196, 6975332, 6771123, 6401983, 6842473, 5802601, 5743860, 6618126, 6844952, 6330551, 6701195, 5452449, 6640767, 6951566, 6963849, 6929747, 6270306, 6958063, 5834976, 6004441, 7068340, 6675071, 5993023, 6225190, 5976520, 6717638, 5623340, 5919026, 5733093, 6990286, 5952733, 4293733, 6043414, 6300583, 6382595, 4793059, 6300583, 5822730, 6535299, 6944480, 5817556, 6683608, 5825415, 5592464, 6813321, 5146625, 6818417, 6619873, 6809624, 4412267, 2707208, 6701269, 4914789, 6945507, 5379924, 6843267, 6449825, 5733774, 7066478, 5748818, 6305626, 4053152, 4993790, 6886852, 5927139, 6666270, 6001183, 5347355, 5982845, 6763718, 6683967, 5642635, 6758833, 6268316, 7017592, 4987191, 7068340, 6867405, 6991040, 6998276, 6274808, 6586830, 3975614, 6698041, 6674302];
per_run_duration_us = [83410, 83373, 90517, 85791, 86469, 83835, 92234, 88612, 84579, 84375, 84064, 84376, 84947, 76442, 85586, 87916, 85762, 86981, 87873, 83335, 77553, 85040, 84394, 87749, 86282, 90932, 89324, 84163, 86562, 86561, 90856, 86247, 86567, 95625, 78478, 82388, 86081, 95442, 83748, 83922, 84223, 78170, 82267, 87270, 83887, 86522, 84038, 83710, 85636, 85465, 86163, 100351, 86154, 87955, 79128, 82140, 86520, 83137, 82685, 84477, 82184, 82982, 102428, 82644, 86982, 86499, 81620, 85728, 86561, 86374, 85295, 80879, 87920, 88603, 93577, 88612, 83922, 88756, 88057, 92118, 78554, 77252, 80541, 83608, 85034, 81769, 106583, 103695, 81657, 82574, 81871, 82725, 89028, 79398, 84664, 80230, 84463, 101769, 86134, 79499, 102816, 89354, 90639, 80080, 77800, 90796, 104131, 83333, 81399, 85246, 88533, 84136, 84498, 80720, 96039, 85469, 87074, 81454, 80532, 86508, 98267, 80820, 86090, 84090, 82888, 83951, 81853, 79893, 86172, 84737, 101515, 80124, 84770, 79124, 75184, 104657, 88954, 81354, 83395, 89474, 79382, 81084, 84309, 80680, 98615, 81513, 82732, 93215, 84179, 84841, 84571, 86327, 89523, 82575, 88553, 85413, 84960, 81152, 85109, 97896, 79278, 82322, 91490, 97147, 86072, 89298, 79465, 76173, 82420, 92016, 86642, 80576, 90363, 86964, 84333, 79953, 87164, 79690, 83004, 79526, 79062, 85881, 87978, 76253, 83749, 86386, 87108, 89205, 73955, 81168, 85458, 87187, 92453, 81867, 70153, 70390, 68923, 75339, 100704, 90818];

