
% 2015-10-17 01:29:50

% my_logs\longTest1\0_1_2\rep_26\priority_log.m
scheduling_duration_us = 27942;

% schedule
schedule_f_t_n(:,:,1) = [6, 0, 0, 0; 6, 0, 0, 0; 6, 0, 0, 0; 6, 0, 0, 0; 6, 0, 0, 0; 6, 0, 0, 0; 6, 0, 0, 0; 6, 0, 0, 0; 6, 0, 0, 0; 6, 0, 0, 0; 6, 0, 0, 0; 6, 0, 0, 0; 6, 0, 0, 0; 6, 0, 0, 0; 6, 0, 0, 0; 6, 0, 0, 0; 0, 6, 0, 0; 0, 6, 0, 0; 0, 6, 0, 0; 0, 6, 0, 0; 0, 6, 0, 0; 0, 6, 0, 0; 0, 6, 0, 0; 0, 6, 0, 0; 0, 6, 0, 0; 0, 6, 0, 0; 0, 6, 0, 0; 6, 0, 0, 0; 6, 0, 0, 0; 6, 0, 0, 0; 6, 0, 0, 0; 6, 0, 0, 0; 6, 0, 0, 0; 0, 0, 6, 0; 0, 0, 6, 0; 0, 0, 0, 0; 0, 0, 0, 0; 0, 0, 0, 0; 0, 0, 0, 0; 0, 0, 0, 0; 0, 0, 0, 0; 0, 0, 0, 0; 0, 0, 0, 0; 0, 0, 0, 0; 0, 0, 0, 0; 0, 0, 0, 0; 0, 0, 0, 0; 0, 0, 0, 0; 0, 0, 0, 0; 0, 0, 0, 0];

% cost function results
vioSt = [0];
vioDl = [0];
vioNon = [0];
vioTpMin = [0, 0, 0, 0, 0, 0, 0, 0, 0, 0, 0, 0, 0, 0, 0, 0, 0, 0, 0, 0, 0, 0, 0, 0, 0, 0, 0, 0, 0, 0, 0, 0, 0, 0, 0, 0, 0, 0, 0, 0, 0, 0, 0, 0, 0, 0, 0, 0, 0, 0];
vioTp = [0];
vioLcy = [7524];
vioJit = [36384];
cost_vio = 395172;
cost_switches = 600;
cost_ch = 1434;
costTotal = 397206;

% priority
% 
% ############### Network 0 ##############
% F0	|[0]6	|6	|6	|6	|6	|6	|6	|6	|6	|6	|[10]6	|6	|6	|6	|6	|6	|	|	|	|	|[20]	|	|	|	|	|	|	|6	|6	|6	|[30]6	|6	|6	|	|	|	|	|	|	|	|[40]	|	|	|	|	|	|	|	|	|	|
% ############### Network 1 ##############
% F0	|[0]	|	|	|	|	|	|	|	|	|	|[10]	|	|	|	|	|	|6	|6	|6	|6	|[20]6	|6	|6	|6	|6	|6	|6	|	|	|	|[30]	|	|	|	|	|	|	|	|	|	|[40]	|	|	|	|	|	|	|	|	|	|
% ############### Network 2 ##############
% F0	|[0]	|	|	|	|	|	|	|	|	|	|[10]	|	|	|	|	|	|	|	|	|	|[20]	|	|	|	|	|	|	|	|	|	|[30]	|	|	|6	|6	|	|	|	|	|	|[40]	|	|	|	|	|	|	|	|	|	|
% ############### Network 3 ##############

