
% 2016-05-25 16:31:46

% my_logs\eval_4_4_3_c15\4_1_0\rep_6\Random_log.m
scheduling_duration_us = 101610;

% schedule
schedule_f_t_n(:,:,1) = [0; 0; 0; 0; 0; 0; 0; 0; 0; 0; 0; 0; 0; 0; 0; 0; 37; 37; 37; 37; 0; 0; 0; 0; 0; 0; 0; 0; 0; 0; 0; 0; 0; 0; 0; 0; 0; 0; 0; 0; 0; 0; 0; 0; 0; 0; 0; 0; 0; 0];
schedule_f_t_n(:,:,2) = [42; 42; 42; 42; 42; 42; 42; 42; 42; 42; 42; 42; 42; 4; 0; 0; 0; 0; 0; 0; 0; 0; 0; 0; 0; 0; 0; 0; 0; 0; 0; 0; 0; 0; 0; 0; 0; 0; 0; 0; 0; 0; 0; 0; 0; 0; 0; 0; 0; 0];
schedule_f_t_n(:,:,3) = [0; 0; 0; 0; 0; 0; 0; 0; 0; 0; 0; 0; 0; 0; 5; 5; 5; 5; 5; 5; 5; 0; 0; 0; 0; 0; 0; 0; 0; 0; 0; 5; 5; 5; 5; 5; 5; 5; 5; 5; 5; 0; 0; 0; 0; 0; 0; 0; 0; 0];
schedule_f_t_n(:,:,4) = [0; 0; 0; 0; 0; 0; 0; 0; 0; 0; 0; 0; 0; 0; 0; 0; 0; 0; 0; 0; 0; 0; 0; 0; 0; 0; 0; 0; 0; 0; 0; 0; 0; 0; 0; 0; 0; 0; 0; 0; 0; 0; 0; 0; 0; 0; 0; 0; 0; 0];
schedule_f_t_n(:,:,5) = [0; 0; 0; 0; 0; 0; 0; 0; 0; 0; 0; 0; 0; 0; 0; 0; 0; 0; 0; 0; 0; 0; 0; 0; 0; 0; 0; 0; 0; 0; 0; 8; 25; 25; 25; 25; 25; 37; 37; 37; 37; 42; 42; 42; 42; 42; 42; 17; 0; 0];
schedule_f_t_n(:,:,6) = [0; 0; 0; 0; 0; 0; 0; 0; 0; 0; 0; 0; 0; 38; 37; 37; 0; 0; 0; 0; 0; 0; 0; 0; 0; 0; 0; 0; 0; 0; 0; 0; 0; 0; 0; 0; 0; 0; 0; 0; 0; 0; 0; 0; 0; 0; 0; 0; 0; 0];
schedule_f_t_n(:,:,7) = [0; 0; 0; 0; 0; 0; 0; 0; 0; 0; 0; 0; 0; 0; 0; 0; 0; 0; 0; 0; 0; 0; 0; 0; 0; 0; 0; 0; 0; 0; 0; 0; 0; 0; 0; 0; 0; 0; 0; 0; 0; 0; 0; 0; 0; 0; 0; 0; 0; 0];
schedule_f_t_n(:,:,8) = [0; 0; 0; 0; 0; 0; 0; 0; 0; 0; 0; 0; 0; 0; 0; 0; 0; 0; 0; 0; 0; 0; 0; 0; 0; 0; 0; 0; 0; 0; 0; 0; 0; 0; 0; 0; 0; 0; 0; 0; 0; 0; 0; 0; 0; 0; 0; 0; 0; 0];
schedule_f_t_n(:,:,9) = [0; 0; 0; 0; 0; 0; 0; 0; 0; 0; 0; 0; 0; 0; 0; 0; 0; 0; 0; 0; 0; 0; 0; 0; 0; 0; 0; 0; 0; 0; 0; 0; 0; 0; 0; 0; 0; 0; 0; 0; 0; 0; 0; 0; 0; 0; 0; 0; 0; 0];
schedule_f_t_n(:,:,10) = [0; 0; 0; 0; 0; 0; 0; 0; 0; 0; 0; 0; 0; 0; 0; 0; 0; 0; 0; 0; 0; 0; 0; 0; 0; 0; 0; 0; 0; 0; 0; 0; 0; 0; 0; 0; 0; 0; 0; 0; 0; 0; 0; 0; 0; 0; 0; 0; 0; 0];
schedule_f_t_n(:,:,11) = [0; 0; 0; 0; 0; 0; 0; 0; 0; 0; 0; 0; 0; 0; 0; 0; 0; 0; 0; 0; 0; 0; 0; 0; 0; 0; 0; 0; 0; 0; 0; 12; 12; 12; 12; 12; 12; 0; 0; 0; 0; 0; 0; 0; 0; 0; 0; 0; 0; 0];
schedule_f_t_n(:,:,12) = [0; 0; 0; 0; 0; 0; 0; 0; 0; 0; 0; 0; 0; 0; 0; 0; 0; 0; 0; 0; 37; 0; 0; 0; 0; 0; 0; 0; 0; 0; 0; 0; 0; 0; 0; 0; 0; 0; 0; 0; 0; 0; 0; 0; 0; 0; 0; 0; 0; 0];
schedule_f_t_n(:,:,13) = [0; 0; 0; 0; 0; 0; 0; 0; 0; 0; 0; 0; 0; 0; 0; 0; 0; 0; 0; 0; 0; 42; 42; 42; 42; 42; 42; 42; 42; 42; 42; 17; 0; 0; 0; 0; 0; 0; 0; 0; 0; 0; 0; 0; 0; 0; 0; 0; 0; 0];
schedule_f_t_n(:,:,14) = [0; 0; 0; 0; 0; 0; 0; 0; 0; 0; 0; 0; 0; 0; 0; 0; 0; 0; 0; 0; 0; 0; 0; 0; 0; 0; 0; 0; 0; 0; 0; 0; 0; 0; 0; 0; 0; 0; 0; 0; 0; 0; 0; 0; 0; 0; 0; 25; 42; 0];
schedule_f_t_n(:,:,15) = [0; 0; 0; 0; 0; 0; 0; 0; 0; 0; 0; 0; 0; 0; 0; 0; 0; 0; 0; 0; 0; 0; 0; 0; 0; 0; 0; 0; 0; 0; 0; 0; 0; 0; 0; 0; 0; 0; 0; 0; 0; 0; 0; 0; 0; 0; 0; 0; 0; 0];
schedule_f_t_n(:,:,16) = [0; 0; 0; 0; 0; 0; 0; 0; 0; 0; 0; 0; 0; 0; 0; 0; 0; 0; 0; 0; 0; 0; 0; 0; 0; 0; 0; 0; 0; 0; 0; 0; 0; 0; 0; 0; 0; 0; 0; 0; 0; 0; 0; 0; 0; 0; 0; 0; 0; 0];

% cost function results
costTotal = 8329917;

% per run statistics
per_run_cost = [7994074, 8445678, 7421915, 8779744, 7204094, 7535970, 9223739, 8351310, 8174168, 8204854, 9009429, 8886496, 7782732, 8106249, 6880251, 8445947, 9349652, 9408824, 7853359, 9254905, 7137907, 9158722, 8121621, 9084073, 9412369, 8394028, 8260045, 8986811, 5973640, 9405531, 7514297, 6680669, 7763875, 7924155, 9212692, 8233876, 8540575, 7634020, 6734654, 7883321, 9405411, 9330093, 9540681, 8510242, 8263746, 9542596, 9198801, 9400461, 9226763, 9053159, 8962244, 9177084, 9544246, 9407061, 7492917, 8382944, 7180284, 7834008, 8338877, 8615113, 8102553, 8565434, 9322581, 9365736, 7106213, 8211001, 7795594, 8352737, 7236833, 8131574, 7895133, 6477290, 8604804, 8868985, 9017216, 8973792, 8789449, 9118541, 7839197, 9419809, 8753590, 7790141, 8252548, 7635353, 9450739, 7251836, 7482011, 9022330, 7556851, 7142731, 7814738, 9126645, 8058050, 6071953, 8727309, 8687401, 8922123, 8880597, 8916023, 7996238, 8547085, 7876144, 8352762, 5616143, 9258308, 9115305, 8959207, 7591393, 8805316, 8978228, 5473683, 8177987, 8876309, 8180092, 7787955, 9402909, 8972435, 8779519, 8386202, 7564313, 8967567, 8640469, 9303432, 6759074, 9385511, 7410936, 8431405, 8870324, 7722064, 9162130, 8158252, 8619759, 8476478, 8202998, 9203305, 9350786, 6867838, 7607788, 8785434, 5927086, 7707686, 9399235, 8678743, 8847384, 6169660, 8612474, 9410651, 9428266, 9097719, 6716761, 8216769, 7303650, 8363840, 7970246, 9409396, 8600019, 9237716, 7610815, 7886874, 6775312, 8082663, 9238438, 7691596, 9087640, 8229608, 9253433, 8900167, 9519716, 9291003, 8531788, 7927787, 7541553, 9126091, 9372347, 7246466, 8839569, 9146648, 8070649, 6306330, 8259992, 9405881, 7467252, 9068938, 9542596, 9074501, 9093132, 7321031, 9179371, 7784429, 4671002, 5976908, 7405488, 9287440, 9267278, 8092242, 8215360, 8857072, 8698518, 8408558, 7995164];
per_run_duration_us = [123055, 117097, 88115, 109531, 170726, 77590, 103831, 170819, 129761, 78058, 74104, 94913, 105499, 77385, 111946, 187605, 142557, 102175, 141887, 141416, 93771, 111238, 145884, 87310, 104227, 158376, 81951, 117626, 100095, 76259, 159302, 75878, 97606, 86989, 91969, 189665, 124302, 132531, 89716, 84871, 73361, 99588, 89811, 80320, 121515, 128261, 135983, 226611, 80733, 87612, 88309, 97721, 92524, 100820, 99868, 99283, 89216, 93656, 89119, 96013, 85245, 87783, 80735, 121355, 97351, 92307, 112704, 92602, 103902, 99524, 97272, 97318, 88644, 96151, 97451, 93020, 97115, 102811, 91873, 83138, 81660, 94258, 97137, 84615, 89354, 94078, 91888, 90408, 96120, 89622, 93634, 97657, 107039, 95937, 96656, 87206, 92555, 113254, 89892, 104165, 100015, 100922, 107151, 100283, 92461, 105867, 87531, 132268, 89498, 92967, 102733, 90814, 90904, 113332, 90667, 107358, 118097, 92217, 117249, 95802, 93800, 107547, 98223, 95918, 90805, 102340, 90588, 92776, 94770, 91387, 93928, 122385, 85594, 108311, 88908, 94641, 99402, 95437, 124808, 109957, 98701, 89676, 114888, 92425, 103005, 112574, 122742, 125836, 98621, 129763, 92800, 97409, 90603, 88375, 89530, 114802, 90527, 99186, 98747, 89817, 106365, 92431, 114834, 100125, 92804, 97510, 95611, 94506, 95132, 89383, 107088, 98124, 88022, 108695, 88108, 88469, 117535, 87890, 100344, 104073, 104039, 132415, 103077, 82688, 80404, 82731, 98729, 75360, 101975, 76305, 82285, 100587, 85426, 160564, 92896, 81803, 86599, 79444, 83172, 81425];

