
% 2015-10-17 01:04:34

% my_logs\longTest1\1_0_1\rep_26\optimization_log.m
scheduling_duration_us = 89090;

% schedule
schedule_f_t_n(:,:,1) = [4, 0; 4, 0; 4, 0; 4, 0; 4, 0; 4, 0; 4, 0; 4, 0; 4, 0; 4, 0; 4, 0; 4, 0; 4, 0; 4, 0; 4, 0; 4, 0; 4, 0; 4, 0; 4, 0; 4, 0; 4, 0; 4, 0; 4, 0; 4, 0; 0, 0];
schedule_f_t_n(:,:,2) = [0, 0; 0, 0; 0, 0; 0, 0; 0, 0; 0, 0; 0, 0; 16, 0; 9, 0; 0, 0; 0, 0; 0, 0; 0, 0; 0, 0; 0, 0; 0, 0; 0, 0; 0, 0; 0, 0; 0, 0; 0, 0; 0, 0; 0, 0; 0, 0; 0, 0];

% cost function results
vioSt = [0, 0];
vioDl = [0, 0];
vioNon = [0, 0];
vioTpMin = [0, 0, 0, 0, 0, 0, 0, 0, 0, 0, 0, 0, 0, 0, 0, 0, 0, 0, 0, 0, 0, 0, 0, 0, 0; 0, 0, 0, 0, 0, 0, 0, 0, 0, 0, 0, 0, 0, 0, 0, 0, 0, 0, 0, 0, 0, 0, 0, 0, 0];
vioTp = [0, 0];
vioLcy = [6048, 0];
vioJit = [6048, 0];
cost_vio = 133056;
cost_switches = 0;
cost_ch = 1573;
costTotal = 134629;

% optimization
% 
% ############### Network 0 ##############
% F0	|[0]4	|4	|4	|4	|4	|4	|4	|4	|4	|4	|[10]4	|4	|4	|4	|4	|4	|4	|4	|4	|4	|[20]4	|4	|4	|4	|	|
% F1	|[0]	|	|	|	|	|	|	|16	|9	|	|[10]	|	|	|	|	|	|	|	|	|	|[20]	|	|	|	|	|
% ############### Network 1 ##############

