
% 2015-10-17 01:05:43

% my_logs\longTest1\0_0_2\rep_13\random_log.m
scheduling_duration_us = 3820;

% schedule
schedule_f_t_n(:,:,1) = [5, 0, 0, 0; 5, 0, 0, 0; 5, 0, 0, 0; 5, 0, 0, 0; 0, 0, 5, 0; 5, 0, 0, 0; 0, 0, 5, 0; 0, 5, 0, 0; 0, 0, 5, 0; 0, 0, 0, 5; 5, 0, 0, 0; 5, 0, 0, 0; 0, 5, 0, 0; 0, 0, 5, 0; 0, 0, 0, 5; 5, 0, 0, 0; 5, 0, 0, 0; 5, 0, 0, 0; 0, 0, 0, 5; 5, 0, 0, 0; 5, 0, 0, 0; 5, 0, 0, 0; 5, 0, 0, 0; 5, 0, 0, 0; 0, 0, 0, 0];

% cost function results
costTotal = 293049;

