
% 2015-10-18 07:05:22

% my_logs\longTest1\0_3_2\rep_3\optimization_log.m
scheduling_duration_us = 10621479;

% schedule
schedule_f_t_n(:,:,1) = [5, 0, 0, 0; 5, 0, 0, 0; 5, 0, 0, 0; 5, 0, 0, 0; 5, 0, 0, 0; 5, 0, 0, 0; 5, 0, 0, 0; 5, 0, 0, 0; 5, 0, 0, 0; 5, 0, 0, 0; 5, 0, 0, 0; 5, 0, 0, 0; 5, 0, 0, 0; 5, 0, 0, 0; 5, 0, 0, 0; 5, 0, 0, 0; 5, 0, 0, 0; 5, 0, 0, 0; 5, 0, 0, 0; 5, 0, 0, 0; 5, 0, 0, 0; 5, 0, 0, 0; 5, 0, 0, 0; 5, 0, 0, 0; 5, 0, 0, 0; 5, 0, 0, 0; 5, 0, 0, 0; 5, 0, 0, 0; 5, 0, 0, 0; 5, 0, 0, 0; 5, 0, 0, 0; 5, 0, 0, 0; 5, 0, 0, 0; 5, 0, 0, 0; 0, 6, 0, 0; 0, 6, 0, 0; 0, 6, 0, 0; 0, 6, 0, 0; 0, 6, 0, 0; 0, 6, 0, 0; 0, 6, 0, 0; 0, 6, 0, 0; 0, 6, 0, 0; 0, 6, 0, 0; 0, 6, 0, 0; 0, 6, 0, 0; 0, 6, 0, 0; 0, 6, 0, 0; 0, 6, 0, 0; 0, 6, 0, 0; 0, 6, 0, 0; 0, 6, 0, 0; 0, 6, 0, 0; 5, 0, 0, 0; 5, 0, 0, 0; 5, 0, 0, 0; 5, 0, 0, 0; 5, 0, 0, 0; 5, 0, 0, 0; 5, 0, 0, 0; 5, 0, 0, 0; 5, 0, 0, 0; 5, 0, 0, 0; 5, 0, 0, 0; 5, 0, 0, 0; 5, 0, 0, 0; 5, 0, 0, 0; 5, 0, 0, 0; 5, 0, 0, 0; 5, 0, 0, 0; 5, 0, 0, 0; 5, 0, 0, 0; 5, 0, 0, 0; 5, 0, 0, 0; 5, 0, 0, 0; 5, 0, 0, 0; 5, 0, 0, 0; 5, 0, 0, 0; 5, 0, 0, 0; 5, 0, 0, 0; 5, 0, 0, 0; 5, 0, 0, 0; 5, 0, 0, 0; 5, 0, 0, 0; 5, 0, 0, 0; 5, 0, 0, 0; 5, 0, 0, 0; 5, 0, 0, 0; 5, 0, 0, 0; 5, 0, 0, 0; 5, 0, 0, 0; 5, 0, 0, 0; 5, 0, 0, 0; 5, 0, 0, 0; 5, 0, 0, 0; 5, 0, 0, 0; 5, 0, 0, 0; 5, 0, 0, 0; 5, 0, 0, 0; 5, 0, 0, 0; 5, 0, 0, 0; 5, 0, 0, 0; 5, 0, 0, 0; 5, 0, 0, 0; 5, 0, 0, 0; 5, 0, 0, 0; 5, 0, 0, 0; 5, 0, 0, 0; 5, 0, 0, 0; 5, 0, 0, 0; 5, 0, 0, 0; 5, 0, 0, 0; 5, 0, 0, 0; 5, 0, 0, 0; 5, 0, 0, 0; 5, 0, 0, 0; 5, 0, 0, 0; 5, 0, 0, 0; 5, 0, 0, 0; 5, 0, 0, 0; 5, 0, 0, 0; 5, 0, 0, 0; 5, 0, 0, 0; 5, 0, 0, 0; 5, 0, 0, 0; 5, 0, 0, 0; 5, 0, 0, 0; 5, 0, 0, 0; 5, 0, 0, 0; 5, 0, 0, 0; 5, 0, 0, 0; 5, 0, 0, 0; 5, 0, 0, 0; 5, 0, 0, 0; 5, 0, 0, 0; 5, 0, 0, 0; 5, 0, 0, 0; 5, 0, 0, 0; 5, 0, 0, 0; 5, 0, 0, 0; 5, 0, 0, 0; 5, 0, 0, 0; 5, 0, 0, 0; 5, 0, 0, 0; 5, 0, 0, 0; 5, 0, 0, 0; 5, 0, 0, 0; 5, 0, 0, 0; 5, 0, 0, 0; 5, 0, 0, 0; 5, 0, 0, 0; 5, 0, 0, 0; 5, 0, 0, 0; 5, 0, 0, 0; 5, 0, 0, 0; 5, 0, 0, 0; 5, 0, 0, 0; 5, 0, 0, 0; 5, 0, 0, 0; 5, 0, 0, 0; 5, 0, 0, 0; 5, 0, 0, 0; 5, 0, 0, 0; 5, 0, 0, 0; 5, 0, 0, 0; 5, 0, 0, 0; 5, 0, 0, 0; 5, 0, 0, 0; 5, 0, 0, 0; 5, 0, 0, 0; 5, 0, 0, 0; 5, 0, 0, 0; 5, 0, 0, 0; 5, 0, 0, 0; 5, 0, 0, 0; 5, 0, 0, 0; 5, 0, 0, 0; 5, 0, 0, 0; 5, 0, 0, 0; 5, 0, 0, 0; 5, 0, 0, 0; 5, 0, 0, 0; 5, 0, 0, 0; 5, 0, 0, 0; 5, 0, 0, 0; 5, 0, 0, 0; 5, 0, 0, 0; 5, 0, 0, 0; 5, 0, 0, 0; 5, 0, 0, 0; 5, 0, 0, 0; 5, 0, 0, 0; 0, 0, 0, 0; 0, 0, 0, 0; 0, 0, 0, 0; 0, 0, 0, 0; 0, 0, 0, 0; 0, 0, 0, 0; 0, 0, 0, 0; 0, 0, 0, 0];

% cost function results
vioSt = [0];
vioDl = [0];
vioNon = [15570];
vioTpMin = [0, 0, 0, 0, 0, 0, 0, 0, 0, 0, 0, 0, 0, 0, 0, 0, 0, 0, 0, 0, 0, 0, 0, 0, 0, 0, 0, 0, 0, 0, 0, 0, 0, 0, 0, 0, 0, 0, 0, 0, 0, 0, 0, 0, 0, 0, 0, 0, 0, 0, 0, 0, 0, 0, 0, 0, 0, 0, 0, 0, 0, 0, 0, 0, 0, 0, 0, 0, 0, 0, 0, 0, 0, 0, 0, 0, 0, 0, 0, 0, 0, 0, 0, 0, 0, 0, 0, 0, 0, 0, 0, 0, 0, 0, 0, 0, 0, 0, 0, 0, 0, 0, 0, 0, 0, 0, 0, 0, 0, 0, 0, 0, 0, 0, 0, 0, 0, 0, 0, 0, 0, 0, 0, 0, 0, 0, 0, 0, 0, 0, 0, 0, 0, 0, 0, 0, 0, 0, 0, 0, 0, 0, 0, 0, 0, 0, 0, 0, 0, 0, 0, 0, 0, 0, 0, 0, 0, 0, 0, 0, 0, 0, 0, 0, 0, 0, 0, 0, 0, 0, 0, 0, 0, 0, 0, 0, 0, 0, 0, 0, 0, 0, 0, 0, 0, 0, 0, 0, 0, 0, 0, 0, 0, 0, 0, 0, 0, 0, 0, 0];
vioTp = [0];
vioLcy = [54495];
vioJit = [48045];
cost_vio = 1181100;
cost_switches = 400;
cost_ch = 10836;
costTotal = 1192336;

% optimization
% 
% ############### Network 0 ##############
% F0	|[0]5	|5	|5	|5	|5	|5	|5	|5	|5	|5	|[10]5	|5	|5	|5	|5	|5	|5	|5	|5	|5	|[20]5	|5	|5	|5	|5	|5	|5	|5	|5	|5	|[30]5	|5	|5	|5	|	|	|	|	|	|	|[40]	|	|	|	|	|	|	|	|	|	|[50]	|	|	|5	|5	|5	|5	|5	|5	|5	|[60]5	|5	|5	|5	|5	|5	|5	|5	|5	|5	|[70]5	|5	|5	|5	|5	|5	|5	|5	|5	|5	|[80]5	|5	|5	|5	|5	|5	|5	|5	|5	|5	|[90]5	|5	|5	|5	|5	|5	|5	|5	|5	|5	|[100]5	|5	|5	|5	|5	|5	|5	|5	|5	|5	|[110]5	|5	|5	|5	|5	|5	|5	|5	|5	|5	|[120]5	|5	|5	|5	|5	|5	|5	|5	|5	|5	|[130]5	|5	|5	|5	|5	|5	|5	|5	|5	|5	|[140]5	|5	|5	|5	|5	|5	|5	|5	|5	|5	|[150]5	|5	|5	|5	|5	|5	|5	|5	|5	|5	|[160]5	|5	|5	|5	|5	|5	|5	|5	|5	|5	|[170]5	|5	|5	|5	|5	|5	|5	|5	|5	|5	|[180]5	|5	|5	|5	|5	|5	|5	|5	|5	|5	|[190]5	|5	|	|	|	|	|	|	|	|	|
% ############### Network 1 ##############
% F0	|[0]	|	|	|	|	|	|	|	|	|	|[10]	|	|	|	|	|	|	|	|	|	|[20]	|	|	|	|	|	|	|	|	|	|[30]	|	|	|	|6	|6	|6	|6	|6	|6	|[40]6	|6	|6	|6	|6	|6	|6	|6	|6	|6	|[50]6	|6	|6	|	|	|	|	|	|	|	|[60]	|	|	|	|	|	|	|	|	|	|[70]	|	|	|	|	|	|	|	|	|	|[80]	|	|	|	|	|	|	|	|	|	|[90]	|	|	|	|	|	|	|	|	|	|[100]	|	|	|	|	|	|	|	|	|	|[110]	|	|	|	|	|	|	|	|	|	|[120]	|	|	|	|	|	|	|	|	|	|[130]	|	|	|	|	|	|	|	|	|	|[140]	|	|	|	|	|	|	|	|	|	|[150]	|	|	|	|	|	|	|	|	|	|[160]	|	|	|	|	|	|	|	|	|	|[170]	|	|	|	|	|	|	|	|	|	|[180]	|	|	|	|	|	|	|	|	|	|[190]	|	|	|	|	|	|	|	|	|	|
% ############### Network 2 ##############
% ############### Network 3 ##############

