
% 2015-10-18 07:05:22

% my_logs\longTest1\0_3_2\rep_3\priorityMatch_log.m
scheduling_duration_us = 263060;

% schedule
schedule_f_t_n(:,:,1) = [6, 0, 0, 0; 6, 0, 0, 0; 6, 0, 0, 0; 6, 0, 0, 0; 6, 0, 0, 0; 6, 0, 0, 0; 6, 0, 0, 0; 6, 0, 0, 0; 6, 0, 0, 0; 6, 0, 0, 0; 6, 0, 0, 0; 6, 0, 0, 0; 6, 0, 0, 0; 6, 0, 0, 0; 6, 0, 0, 0; 6, 0, 0, 0; 6, 0, 0, 0; 6, 0, 0, 0; 6, 0, 0, 0; 6, 0, 0, 0; 6, 0, 0, 0; 6, 0, 0, 0; 6, 0, 0, 0; 6, 0, 0, 0; 6, 0, 0, 0; 6, 0, 0, 0; 6, 0, 0, 0; 6, 0, 0, 0; 6, 0, 0, 0; 6, 0, 0, 0; 6, 0, 0, 0; 6, 0, 0, 0; 6, 0, 0, 0; 6, 0, 0, 0; 0, 6, 0, 0; 0, 6, 0, 0; 0, 6, 0, 0; 0, 6, 0, 0; 0, 6, 0, 0; 0, 6, 0, 0; 0, 6, 0, 0; 0, 6, 0, 0; 0, 6, 0, 0; 0, 6, 0, 0; 0, 6, 0, 0; 0, 6, 0, 0; 0, 6, 0, 0; 0, 6, 0, 0; 0, 6, 0, 0; 0, 6, 0, 0; 0, 6, 0, 0; 0, 6, 0, 0; 0, 6, 0, 0; 6, 0, 0, 0; 6, 0, 0, 0; 6, 0, 0, 0; 6, 0, 0, 0; 6, 0, 0, 0; 6, 0, 0, 0; 6, 0, 0, 0; 6, 0, 0, 0; 6, 0, 0, 0; 6, 0, 0, 0; 6, 0, 0, 0; 6, 0, 0, 0; 6, 0, 0, 0; 6, 0, 0, 0; 6, 0, 0, 0; 6, 0, 0, 0; 6, 0, 0, 0; 6, 0, 0, 0; 6, 0, 0, 0; 6, 0, 0, 0; 6, 0, 0, 0; 6, 0, 0, 0; 6, 0, 0, 0; 6, 0, 0, 0; 6, 0, 0, 0; 6, 0, 0, 0; 6, 0, 0, 0; 6, 0, 0, 0; 6, 0, 0, 0; 6, 0, 0, 0; 6, 0, 0, 0; 6, 0, 0, 0; 6, 0, 0, 0; 6, 0, 0, 0; 6, 0, 0, 0; 6, 0, 0, 0; 6, 0, 0, 0; 6, 0, 0, 0; 6, 0, 0, 0; 6, 0, 0, 0; 6, 0, 0, 0; 6, 0, 0, 0; 6, 0, 0, 0; 6, 0, 0, 0; 6, 0, 0, 0; 6, 0, 0, 0; 6, 0, 0, 0; 6, 0, 0, 0; 6, 0, 0, 0; 6, 0, 0, 0; 6, 0, 0, 0; 6, 0, 0, 0; 6, 0, 0, 0; 6, 0, 0, 0; 6, 0, 0, 0; 6, 0, 0, 0; 6, 0, 0, 0; 6, 0, 0, 0; 6, 0, 0, 0; 6, 0, 0, 0; 6, 0, 0, 0; 6, 0, 0, 0; 6, 0, 0, 0; 6, 0, 0, 0; 6, 0, 0, 0; 6, 0, 0, 0; 6, 0, 0, 0; 6, 0, 0, 0; 6, 0, 0, 0; 6, 0, 0, 0; 6, 0, 0, 0; 6, 0, 0, 0; 6, 0, 0, 0; 6, 0, 0, 0; 6, 0, 0, 0; 6, 0, 0, 0; 6, 0, 0, 0; 6, 0, 0, 0; 6, 0, 0, 0; 6, 0, 0, 0; 6, 0, 0, 0; 6, 0, 0, 0; 6, 0, 0, 0; 6, 0, 0, 0; 6, 0, 0, 0; 6, 0, 0, 0; 6, 0, 0, 0; 6, 0, 0, 0; 6, 0, 0, 0; 6, 0, 0, 0; 6, 0, 0, 0; 6, 0, 0, 0; 6, 0, 0, 0; 6, 0, 0, 0; 6, 0, 0, 0; 6, 0, 0, 0; 6, 0, 0, 0; 6, 0, 0, 0; 6, 0, 0, 0; 6, 0, 0, 0; 6, 0, 0, 0; 6, 0, 0, 0; 6, 0, 0, 0; 6, 0, 0, 0; 6, 0, 0, 0; 6, 0, 0, 0; 6, 0, 0, 0; 6, 0, 0, 0; 6, 0, 0, 0; 6, 0, 0, 0; 6, 0, 0, 0; 6, 0, 0, 0; 6, 0, 0, 0; 6, 0, 0, 0; 6, 0, 0, 0; 6, 0, 0, 0; 6, 0, 0, 0; 6, 0, 0, 0; 6, 0, 0, 0; 6, 0, 0, 0; 6, 0, 0, 0; 6, 0, 0, 0; 6, 0, 0, 0; 6, 0, 0, 0; 6, 0, 0, 0; 6, 0, 0, 0; 6, 0, 0, 0; 6, 0, 0, 0; 6, 0, 0, 0; 6, 0, 0, 0; 6, 0, 0, 0; 6, 0, 0, 0; 6, 0, 0, 0; 6, 0, 0, 0; 6, 0, 0, 0; 6, 0, 0, 0; 6, 0, 0, 0; 6, 0, 0, 0; 6, 0, 0, 0; 0, 0, 0, 0; 0, 0, 0, 0; 0, 0, 0, 0; 0, 0, 0, 0; 0, 0, 0, 0; 0, 0, 0, 0; 0, 0, 0, 0; 0, 0, 0, 0];

% cost function results
vioSt = [0];
vioDl = [0];
vioNon = [0];
vioTpMin = [0, 0, 0, 0, 0, 0, 0, 0, 0, 0, 0, 0, 0, 0, 0, 0, 0, 0, 0, 0, 0, 0, 0, 0, 0, 0, 0, 0, 0, 0, 0, 0, 0, 0, 0, 0, 0, 0, 0, 0, 0, 0, 0, 0, 0, 0, 0, 0, 0, 0, 0, 0, 0, 0, 0, 0, 0, 0, 0, 0, 0, 0, 0, 0, 0, 0, 0, 0, 0, 0, 0, 0, 0, 0, 0, 0, 0, 0, 0, 0, 0, 0, 0, 0, 0, 0, 0, 0, 0, 0, 0, 0, 0, 0, 0, 0, 0, 0, 0, 0, 0, 0, 0, 0, 0, 0, 0, 0, 0, 0, 0, 0, 0, 0, 0, 0, 0, 0, 0, 0, 0, 0, 0, 0, 0, 0, 0, 0, 0, 0, 0, 0, 0, 0, 0, 0, 0, 0, 0, 0, 0, 0, 0, 0, 0, 0, 0, 0, 0, 0, 0, 0, 0, 0, 0, 0, 0, 0, 0, 0, 0, 0, 0, 0, 0, 0, 0, 0, 0, 0, 0, 0, 0, 0, 0, 0, 0, 0, 0, 0, 0, 0, 0, 0, 0, 0, 0, 0, 0, 0, 0, 0, 0, 0, 0, 0, 0, 0, 0, 0];
vioTp = [0];
vioLcy = [65394];
vioJit = [55830];
cost_vio = 1212240;
cost_switches = 400;
cost_ch = 12912;
costTotal = 1225552;

% priorityMatch
% 
% ############### Network 0 ##############
% F0	|[0]6	|6	|6	|6	|6	|6	|6	|6	|6	|6	|[10]6	|6	|6	|6	|6	|6	|6	|6	|6	|6	|[20]6	|6	|6	|6	|6	|6	|6	|6	|6	|6	|[30]6	|6	|6	|6	|	|	|	|	|	|	|[40]	|	|	|	|	|	|	|	|	|	|[50]	|	|	|6	|6	|6	|6	|6	|6	|6	|[60]6	|6	|6	|6	|6	|6	|6	|6	|6	|6	|[70]6	|6	|6	|6	|6	|6	|6	|6	|6	|6	|[80]6	|6	|6	|6	|6	|6	|6	|6	|6	|6	|[90]6	|6	|6	|6	|6	|6	|6	|6	|6	|6	|[100]6	|6	|6	|6	|6	|6	|6	|6	|6	|6	|[110]6	|6	|6	|6	|6	|6	|6	|6	|6	|6	|[120]6	|6	|6	|6	|6	|6	|6	|6	|6	|6	|[130]6	|6	|6	|6	|6	|6	|6	|6	|6	|6	|[140]6	|6	|6	|6	|6	|6	|6	|6	|6	|6	|[150]6	|6	|6	|6	|6	|6	|6	|6	|6	|6	|[160]6	|6	|6	|6	|6	|6	|6	|6	|6	|6	|[170]6	|6	|6	|6	|6	|6	|6	|6	|6	|6	|[180]6	|6	|6	|6	|6	|6	|6	|6	|6	|6	|[190]6	|6	|	|	|	|	|	|	|	|	|
% ############### Network 1 ##############
% F0	|[0]	|	|	|	|	|	|	|	|	|	|[10]	|	|	|	|	|	|	|	|	|	|[20]	|	|	|	|	|	|	|	|	|	|[30]	|	|	|	|6	|6	|6	|6	|6	|6	|[40]6	|6	|6	|6	|6	|6	|6	|6	|6	|6	|[50]6	|6	|6	|	|	|	|	|	|	|	|[60]	|	|	|	|	|	|	|	|	|	|[70]	|	|	|	|	|	|	|	|	|	|[80]	|	|	|	|	|	|	|	|	|	|[90]	|	|	|	|	|	|	|	|	|	|[100]	|	|	|	|	|	|	|	|	|	|[110]	|	|	|	|	|	|	|	|	|	|[120]	|	|	|	|	|	|	|	|	|	|[130]	|	|	|	|	|	|	|	|	|	|[140]	|	|	|	|	|	|	|	|	|	|[150]	|	|	|	|	|	|	|	|	|	|[160]	|	|	|	|	|	|	|	|	|	|[170]	|	|	|	|	|	|	|	|	|	|[180]	|	|	|	|	|	|	|	|	|	|[190]	|	|	|	|	|	|	|	|	|	|
% ############### Network 2 ##############
% ############### Network 3 ##############

