% t_n_i
% time:
generate_model = 20960;
duration_to_solve_model_us = 222;
create_model = 171;
% allocatedChunks
allocatedChunks(:,:,1) = [5, 0, 0, 0; 5, 0, 0, 0; 0, 0, 5, 0; 0, 0, 5, 0; 0, 0, 5, 0; 0, 0, 5, 0; 0, 0, 5, 0; 0, 0, 5, 0; 0, 0, 5, 0; 0, 0, 5, 0; 0, 0, 5, 0; 0, 0, 5, 0; 5, 0, 0, 0; 5, 0, 0, 0; 5, 0, 0, 0; 5, 0, 0, 0; 0, 0, 0, 5; 0, 0, 0, 5; 0, 0, 0, 5; 0, 0, 0, 5; 0, 0, 0, 5; 0, 5, 0, 0; 0, 5, 0, 0; 0, 5, 0, 0; 0, 5, 0, 0; 0, 5, 0, 0; 0, 5, 0, 0; 0, 5, 0, 0; 5, 0, 0, 0; 5, 0, 0, 0; 5, 0, 0, 0; 5, 0, 0, 0; 5, 0, 0, 0; 5, 0, 0, 0; 5, 0, 0, 0; 5, 0, 0, 0; 5, 0, 0, 0; 5, 0, 0, 0; 5, 0, 0, 0; 5, 0, 0, 0; 5, 0, 0, 0; 5, 0, 0, 0; 5, 0, 0, 0; 5, 0, 0, 0; 5, 0, 0, 0; 5, 0, 0, 0; 5, 0, 0, 0; 5, 0, 0, 0; 5, 0, 0, 0; 5, 0, 0, 0];
% non_allocated
non_allocated = [85];
% dl_vio
dl_vio = [0];
% st_vio
st_vio = [0];
% vioThroughput
vioThroughput = [0];
% non_allo_vio
non_allo_vio = [4760];
% nChunks
nChunks = [335];
% prefStartTime
prefStartTime = [0];
% deadline
deadline = [67];
% availBW
availBW = [21, 21, 21, 21, 21, 21, 21, 21, 21, 21, 21, 21, 21, 21, 21, 21, 21, 21, 21, 21, 21, 21, 21, 21, 21, 21, 21, 21, 21, 21, 21, 21, 21, 21, 21, 21, 21, 21, 21, 21, 21, 21, 21, 21, 21, 21, 21, 21, 21, 21; 0, 0, 0, 0, 0, 0, 0, 0, 0, 0, 0, 0, 0, 0, 0, 0, 0, 0, 0, 0, 0, 39, 79, 79, 79, 79, 79, 39, 0, 0, 0, 0, 0, 0, 0, 0, 0, 0, 0, 0, 0, 0, 0, 0, 0, 0, 0, 0, 0, 0; 0, 0, 10, 20, 30, 30, 30, 30, 30, 30, 20, 10, 0, 0, 0, 0, 0, 0, 0, 0, 0, 0, 0, 0, 0, 0, 0, 0, 0, 0, 0, 0, 0, 0, 0, 0, 0, 0, 0, 0, 0, 0, 0, 0, 0, 0, 0, 0, 0, 0; 0, 0, 0, 0, 0, 0, 0, 0, 0, 0, 0, 0, 0, 0, 0, 0, 32, 64, 64, 64, 64, 64, 32, 0, 0, 0, 0, 0, 0, 0, 0, 0, 0, 0, 0, 0, 0, 0, 0, 0, 0, 0, 0, 0, 0, 0, 0, 0, 0, 0];

