% t_n_i
% time:
generate_model = 4312;
duration_to_solve_model_us = 422;
create_model = 33;
% allocatedChunks
allocatedChunks(:,:,1) = [5, 0, 0, 0, 0, 0, 0, 0; 0, 0, 5, 0, 0, 0, 0, 0; 0, 0, 0, 0, 0, 0, 5, 0; 0, 0, 0, 0, 0, 0, 5, 0; 0, 0, 0, 0, 0, 0, 5, 0; 0, 0, 0, 0, 0, 0, 5, 0; 0, 0, 0, 0, 0, 0, 5, 0; 0, 0, 0, 0, 0, 0, 0, 5; 0, 0, 0, 0, 0, 0, 0, 5; 0, 0, 0, 0, 0, 0, 0, 5; 0, 0, 0, 0, 0, 5, 0, 0; 0, 0, 0, 0, 0, 5, 0, 0; 0, 0, 0, 0, 0, 5, 0, 0; 0, 0, 0, 0, 0, 5, 0, 0; 0, 0, 0, 0, 0, 5, 0, 0; 0, 0, 0, 0, 0, 5, 0, 0; 0, 0, 0, 0, 5, 0, 0, 0; 0, 0, 0, 0, 5, 0, 0, 0; 0, 0, 0, 0, 5, 0, 0, 0; 0, 0, 0, 0, 5, 0, 0, 0; 0, 0, 0, 0, 5, 0, 0, 0; 0, 0, 0, 0, 5, 0, 0, 0; 0, 0, 0, 0, 5, 0, 0, 0; 5, 0, 0, 0, 0, 0, 0, 0; 5, 0, 0, 0, 0, 0, 0, 0];
% non_allocated
non_allocated = [120];
% dl_vio
dl_vio = [0];
% st_vio
st_vio = [0];
% vioThroughput
vioThroughput = [0];
% non_allo_vio
non_allo_vio = [6720];
% nChunks
nChunks = [245];
% prefStartTime
prefStartTime = [0];
% deadline
deadline = [49];
% availBW
availBW = [33, 33, 33, 33, 33, 33, 33, 33, 33, 33, 33, 33, 33, 33, 33, 33, 33, 33, 33, 33, 33, 33, 33, 33, 33; 0, 0, 0, 0, 0, 0, 0, 0, 0, 12, 24, 36, 36, 36, 36, 36, 36, 24, 12, 0, 0, 0, 0, 0, 0; 0, 10, 20, 30, 30, 30, 30, 30, 30, 30, 20, 10, 0, 0, 0, 0, 0, 0, 0, 0, 0, 0, 0, 0, 0; 0, 0, 0, 0, 0, 11, 22, 34, 34, 34, 34, 34, 34, 34, 22, 11, 0, 0, 0, 0, 0, 0, 0, 0, 0; 0, 0, 0, 0, 0, 0, 0, 0, 0, 0, 0, 0, 0, 14, 28, 43, 43, 43, 43, 43, 43, 28, 14, 0, 0; 0, 0, 0, 0, 0, 0, 0, 0, 0, 21, 43, 43, 43, 43, 43, 21, 0, 0, 0, 0, 0, 0, 0, 0, 0; 0, 0, 10, 20, 31, 31, 31, 31, 31, 31, 20, 10, 0, 0, 0, 0, 0, 0, 0, 0, 0, 0, 0, 0, 0; 0, 21, 42, 64, 64, 64, 64, 64, 64, 42, 21, 0, 0, 0, 0, 0, 0, 0, 0, 0, 0, 0, 0, 0, 0];

