
% 2016-05-25 16:31:44

% my_logs\eval_4_4_3_c15\4_1_0\rep_5\Random_log.m
scheduling_duration_us = 93272;

% schedule
schedule_f_t_n(:,:,1) = [0; 0; 0; 0; 0; 0; 0; 0; 0; 0; 0; 0; 0; 0; 0; 0; 0; 60; 60; 60; 7; 0; 0; 0; 0; 0; 0; 0; 0; 0; 0; 0; 0; 0; 0; 0; 0; 0; 0; 0; 0; 0; 0; 0; 0; 0; 0; 0; 0; 0];
schedule_f_t_n(:,:,2) = [60; 60; 60; 60; 60; 0; 0; 0; 60; 52; 0; 0; 0; 0; 0; 0; 0; 0; 0; 0; 0; 0; 0; 0; 0; 0; 0; 0; 0; 0; 0; 0; 0; 0; 0; 0; 0; 0; 0; 0; 0; 0; 0; 0; 0; 0; 0; 0; 0; 0];
schedule_f_t_n(:,:,3) = [0; 0; 0; 0; 0; 0; 0; 0; 0; 0; 0; 0; 0; 5; 5; 5; 5; 0; 0; 0; 5; 5; 5; 5; 5; 5; 5; 5; 5; 5; 5; 5; 5; 0; 0; 0; 0; 0; 0; 0; 0; 0; 0; 0; 0; 0; 0; 0; 0; 0];
schedule_f_t_n(:,:,4) = [0; 0; 0; 0; 0; 0; 0; 0; 0; 0; 0; 0; 0; 0; 0; 0; 0; 0; 0; 0; 0; 0; 0; 0; 0; 0; 0; 0; 0; 0; 0; 0; 0; 0; 0; 0; 0; 0; 54; 56; 56; 56; 56; 56; 41; 0; 0; 0; 0; 0];
schedule_f_t_n(:,:,5) = [0; 0; 0; 0; 0; 0; 0; 0; 0; 0; 0; 0; 0; 0; 0; 0; 0; 0; 0; 0; 0; 0; 0; 0; 0; 0; 0; 0; 0; 0; 0; 0; 0; 0; 0; 0; 0; 0; 0; 0; 0; 0; 0; 0; 0; 0; 0; 0; 0; 0];
schedule_f_t_n(:,:,6) = [0; 0; 0; 0; 0; 0; 0; 0; 0; 0; 0; 0; 0; 0; 0; 0; 0; 0; 0; 0; 0; 0; 0; 0; 0; 0; 0; 0; 0; 44; 55; 0; 0; 0; 0; 0; 0; 0; 0; 0; 0; 0; 0; 0; 0; 0; 0; 0; 0; 0];
schedule_f_t_n(:,:,7) = [0; 0; 0; 0; 0; 0; 0; 0; 0; 0; 0; 0; 0; 0; 0; 0; 0; 0; 0; 0; 0; 0; 0; 0; 0; 0; 0; 0; 0; 0; 0; 0; 0; 0; 0; 0; 0; 0; 0; 0; 0; 0; 0; 0; 0; 0; 0; 0; 0; 0];
schedule_f_t_n(:,:,8) = [0; 0; 0; 0; 0; 0; 0; 0; 0; 0; 0; 0; 0; 0; 0; 0; 0; 0; 0; 0; 0; 0; 0; 0; 0; 0; 0; 0; 0; 0; 0; 0; 0; 0; 0; 0; 0; 0; 0; 0; 0; 0; 0; 0; 0; 0; 0; 0; 0; 0];
schedule_f_t_n(:,:,9) = [0; 0; 0; 0; 0; 0; 0; 0; 0; 0; 0; 0; 0; 0; 0; 0; 0; 0; 0; 0; 0; 0; 0; 0; 0; 0; 0; 0; 0; 0; 0; 0; 0; 0; 0; 0; 0; 0; 0; 0; 0; 0; 0; 0; 0; 0; 0; 0; 0; 0];
schedule_f_t_n(:,:,10) = [0; 0; 0; 0; 0; 0; 0; 0; 0; 0; 0; 0; 0; 0; 0; 0; 0; 0; 0; 0; 0; 0; 0; 0; 0; 0; 0; 0; 0; 0; 0; 0; 0; 0; 0; 0; 0; 0; 0; 0; 0; 0; 0; 0; 15; 56; 56; 0; 0; 0];
schedule_f_t_n(:,:,11) = [0; 0; 0; 0; 0; 0; 0; 0; 0; 0; 0; 0; 0; 0; 0; 0; 0; 0; 0; 0; 0; 0; 0; 0; 0; 0; 0; 0; 0; 0; 0; 0; 0; 0; 0; 0; 0; 0; 4; 4; 4; 4; 4; 4; 4; 4; 4; 0; 0; 0];
schedule_f_t_n(:,:,12) = [0; 0; 0; 0; 0; 60; 60; 60; 0; 0; 0; 0; 0; 0; 0; 0; 0; 0; 0; 0; 0; 0; 0; 0; 0; 0; 0; 0; 0; 0; 0; 0; 0; 0; 0; 0; 0; 0; 0; 0; 0; 0; 0; 0; 0; 0; 0; 0; 0; 0];
schedule_f_t_n(:,:,13) = [0; 0; 0; 0; 0; 0; 0; 0; 0; 0; 0; 0; 0; 0; 0; 0; 0; 0; 0; 0; 0; 0; 0; 0; 0; 0; 0; 0; 0; 0; 0; 55; 55; 60; 60; 60; 60; 60; 2; 0; 0; 0; 0; 0; 0; 0; 0; 0; 0; 0];
schedule_f_t_n(:,:,14) = [0; 0; 0; 0; 0; 0; 0; 0; 0; 8; 60; 60; 60; 55; 55; 55; 55; 0; 0; 0; 48; 55; 55; 55; 55; 55; 55; 55; 55; 11; 0; 0; 0; 0; 0; 0; 0; 0; 0; 0; 0; 0; 0; 0; 0; 0; 0; 0; 0; 0];
schedule_f_t_n(:,:,15) = [0; 0; 0; 0; 0; 0; 0; 0; 0; 0; 0; 0; 0; 0; 0; 0; 0; 0; 0; 0; 0; 0; 0; 0; 0; 0; 0; 0; 0; 0; 0; 0; 0; 0; 0; 0; 0; 0; 0; 0; 0; 0; 0; 0; 0; 0; 0; 0; 0; 0];
schedule_f_t_n(:,:,16) = [0; 0; 0; 0; 0; 0; 0; 0; 0; 0; 0; 0; 0; 0; 0; 0; 0; 0; 0; 0; 0; 0; 0; 0; 0; 0; 0; 0; 0; 0; 0; 0; 0; 0; 0; 0; 0; 0; 0; 0; 0; 0; 0; 0; 0; 0; 0; 0; 0; 0];

% cost function results
costTotal = 8071797;

% per run statistics
per_run_cost = [8697117, 8021106, 8649038, 8672579, 9009654, 6720780, 8763218, 6779142, 8564955, 6757167, 8460056, 8451531, 10082993, 9183958, 8430546, 7935452, 9230332, 8948469, 9142563, 6718263, 7986173, 9757673, 7811485, 7908766, 7614179, 8898114, 8399033, 8049833, 8308921, 7572707, 6758596, 9987569, 6548982, 7231753, 6200857, 9888764, 7353000, 9652161, 8011420, 8401816, 7970649, 7722322, 9598076, 10087689, 6620274, 5764752, 8086368, 7251855, 8918581, 7567355, 7689509, 7297790, 8714284, 8379733, 10243297, 7876818, 4530580, 8293090, 8589123, 9651495, 9021187, 3965761, 8357957, 5205078, 7663947, 8007168, 6320996, 9778229, 10277342, 8107713, 7324051, 9850814, 6861916, 10396191, 5629137, 7286264, 7166021, 7263145, 9101306, 9421148, 9550660, 7730066, 5814253, 9299012, 9309124, 9861318, 8599357, 7138921, 9223967, 9685289, 8086424, 7396546, 6542717, 9150362, 7910725, 8222985, 10029162, 8385418, 7418951, 8229360, 8846999, 7984943, 9162783, 8988236, 7959076, 9338555, 9124796, 7807141, 6654036, 4723970, 7760364, 7076072, 7645566, 4891758, 6144747, 9342024, 8857385, 9175815, 10129770, 7538282, 8221466, 6868925, 9344212, 8472461, 8163167, 8335929, 6449881, 8267588, 7797989, 8984257, 9945144, 9434181, 9665017, 7626704, 7766236, 7747969, 9604322, 9743068, 6694772, 8411340, 8290807, 9659087, 8870688, 10130031, 9647871, 5924349, 9797366, 5278055, 9660011, 9837005, 5740616, 9434613, 9291004, 9413006, 8492487, 8488917, 7443272, 8294921, 6093957, 8572695, 8584963, 5733371, 7081071, 6389848, 6866186, 7575800, 7197957, 8505956, 6803535, 7053601, 8320218, 5910298, 7047110, 7419742, 7295447, 7510483, 4520862, 5679704, 5665474, 9276569, 5659076, 7608710, 7796455, 8453135, 8123548, 8864387, 7914858, 6636391, 9352379, 8619103, 9613716, 9601642, 6503136, 10100259, 6653738, 6667198, 7905424, 9224000, 8622895, 9939202];
per_run_duration_us = [101760, 95428, 90963, 86215, 92110, 100941, 82104, 88605, 95111, 86468, 93707, 86916, 95882, 82691, 72757, 80642, 75784, 87064, 95997, 121438, 82098, 91091, 84149, 82362, 90899, 85586, 67649, 85005, 80450, 85290, 77253, 86394, 86538, 86197, 113720, 88081, 87992, 94435, 88832, 93810, 89859, 88448, 90500, 100940, 82823, 122389, 80988, 81931, 81169, 111824, 100512, 94665, 95982, 88798, 115191, 102529, 88802, 98508, 111975, 95598, 95830, 90048, 98722, 81443, 90185, 93920, 114903, 87371, 89727, 87280, 95765, 102879, 87693, 97792, 82145, 99591, 102882, 82669, 91124, 98359, 106849, 86564, 104293, 100660, 108503, 94947, 94040, 90889, 96291, 99029, 102662, 85402, 86020, 94146, 79970, 90362, 96051, 92861, 80503, 89570, 93956, 90975, 84940, 88155, 106922, 84944, 88624, 93544, 87226, 78523, 102793, 91329, 101306, 91018, 98720, 85689, 87395, 100273, 106711, 93885, 101320, 85648, 96654, 89400, 112975, 100375, 100228, 98830, 82042, 94714, 113412, 90380, 98274, 91289, 86539, 92425, 106549, 96535, 86512, 92659, 87959, 89747, 96149, 105344, 90167, 107940, 89347, 80963, 90380, 99974, 96536, 89226, 86900, 86261, 91321, 85789, 80637, 97125, 94929, 91165, 98953, 122125, 96652, 120650, 83124, 90497, 92699, 113303, 98360, 84228, 91566, 109513, 96280, 124033, 108686, 75204, 72140, 102753, 94061, 93268, 83479, 89300, 90138, 103586, 201637, 69712, 103503, 94744, 92684, 97628, 96198, 95071, 96762, 76586, 84615, 78580, 73570, 65988, 80673, 76588];

