
% 2015-10-17 01:04:26

% my_logs\longTest1\1_0_1\rep_3\priority_log.m
scheduling_duration_us = 2644;

% schedule
schedule_f_t_n(:,:,1) = [5, 0; 5, 0; 5, 0; 5, 0; 5, 0; 5, 0; 0, 5; 0, 5; 0, 5; 0, 5; 0, 5; 0, 5; 0, 5; 0, 5; 0, 5; 0, 5; 5, 0; 5, 0; 5, 0; 5, 0; 5, 0; 5, 0; 5, 0; 5, 0; 0, 0];
schedule_f_t_n(:,:,2) = [0, 0; 0, 0; 0, 0; 0, 0; 0, 0; 0, 0; 0, 0; 0, 0; 0, 0; 0, 0; 0, 0; 0, 0; 0, 0; 0, 0; 0, 0; 0, 0; 0, 0; 0, 0; 0, 0; 0, 0; 0, 0; 0, 0; 0, 0; 0, 0; 0, 0];

% cost function results
vioSt = [0, 0];
vioDl = [0, 0];
vioNon = [2700, 2250];
vioTpMin = [0, 0, 0, 0, 0, 0, 0, 0, 0, 0, 0, 0, 0, 0, 0, 0, 0, 0, 0, 0, 0, 0, 0, 0, 0; 0, 0, 0, 0, 0, 0, 0, 0, 0, 0, 0, 0, 0, 0, 0, 0, 0, 0, 0, 0, 0, 0, 0, 0, 0];
vioTp = [0, 0];
vioLcy = [27840, 0];
vioJit = [7650, 0];
cost_vio = 395400;
cost_switches = 400;
cost_ch = 870;
costTotal = 396670;

% priority
% 
% ############### Network 0 ##############
% F0	|[0]5	|5	|5	|5	|5	|5	|	|	|	|	|[10]	|	|	|	|	|	|5	|5	|5	|5	|[20]5	|5	|5	|5	|	|
% ############### Network 1 ##############
% F0	|[0]	|	|	|	|	|	|5	|5	|5	|5	|[10]5	|5	|5	|5	|5	|5	|	|	|	|	|[20]	|	|	|	|	|

