
% 2016-05-26 10:25:24

% my_logs\eval_4_4_3_c15\4_1_0\rep_13\Random_log.m
scheduling_duration_us = 77799;

% schedule
schedule_f_t_n(:,:,1) = [0; 0; 0; 0; 0; 0; 0; 0; 0; 0; 0; 0; 0; 0; 0; 0; 0; 0; 0; 0; 0; 0; 0; 0; 0; 0; 0; 0; 0; 0; 0; 0; 0; 0; 0; 0; 0; 0; 0; 0; 0; 0; 0; 0; 0; 0; 0; 0; 0; 0];
schedule_f_t_n(:,:,2) = [0; 0; 0; 0; 0; 0; 0; 0; 0; 0; 0; 0; 0; 0; 0; 0; 0; 0; 0; 0; 0; 0; 0; 0; 0; 39; 39; 39; 39; 39; 39; 39; 39; 39; 39; 39; 39; 27; 0; 0; 0; 0; 0; 0; 0; 0; 0; 0; 0; 0];
schedule_f_t_n(:,:,3) = [0; 0; 0; 0; 0; 0; 0; 0; 0; 0; 0; 0; 0; 0; 0; 0; 0; 0; 0; 0; 0; 0; 0; 0; 0; 0; 0; 0; 0; 0; 0; 0; 0; 0; 0; 0; 0; 0; 0; 0; 0; 0; 0; 0; 0; 4; 4; 4; 0; 0];
schedule_f_t_n(:,:,4) = [0; 0; 0; 0; 0; 0; 0; 0; 0; 0; 0; 0; 0; 0; 0; 0; 0; 0; 0; 0; 0; 0; 0; 0; 0; 0; 0; 0; 0; 0; 0; 0; 0; 0; 0; 0; 0; 0; 0; 0; 0; 0; 0; 0; 0; 0; 0; 0; 0; 0];
schedule_f_t_n(:,:,5) = [0; 0; 0; 0; 0; 0; 0; 0; 0; 0; 0; 0; 0; 0; 0; 0; 0; 0; 0; 0; 0; 0; 0; 0; 0; 0; 0; 0; 0; 0; 0; 0; 0; 0; 0; 0; 0; 0; 0; 0; 0; 0; 0; 0; 0; 0; 0; 0; 0; 0];
schedule_f_t_n(:,:,6) = [45; 45; 45; 45; 45; 45; 45; 45; 45; 45; 45; 45; 37; 0; 0; 0; 0; 0; 0; 0; 0; 0; 0; 0; 0; 0; 0; 0; 0; 0; 0; 0; 0; 0; 0; 0; 0; 0; 0; 0; 0; 0; 0; 0; 0; 0; 0; 0; 0; 0];
schedule_f_t_n(:,:,7) = [0; 0; 0; 0; 0; 0; 0; 0; 0; 0; 0; 0; 0; 0; 0; 0; 0; 0; 0; 0; 0; 0; 0; 0; 0; 0; 0; 0; 0; 0; 0; 0; 0; 0; 0; 0; 0; 7; 7; 7; 7; 7; 7; 7; 7; 0; 0; 0; 0; 0];
schedule_f_t_n(:,:,8) = [0; 0; 0; 0; 0; 0; 0; 0; 0; 0; 0; 0; 0; 0; 0; 0; 0; 0; 0; 0; 0; 0; 0; 0; 0; 0; 0; 0; 0; 0; 0; 0; 0; 0; 0; 0; 0; 0; 0; 0; 0; 0; 0; 0; 0; 0; 0; 0; 0; 0];
schedule_f_t_n(:,:,9) = [0; 0; 0; 0; 0; 0; 0; 0; 0; 0; 0; 0; 0; 0; 0; 0; 0; 0; 0; 0; 0; 0; 0; 0; 0; 0; 0; 0; 0; 0; 0; 0; 0; 0; 0; 0; 0; 0; 0; 0; 0; 0; 0; 0; 0; 0; 0; 0; 0; 0];
schedule_f_t_n(:,:,10) = [0; 0; 0; 0; 0; 0; 0; 0; 0; 0; 0; 0; 0; 0; 0; 0; 0; 0; 0; 0; 0; 0; 0; 0; 0; 0; 0; 0; 0; 0; 0; 0; 0; 0; 0; 0; 0; 0; 0; 0; 0; 0; 0; 0; 0; 0; 0; 0; 0; 0];
schedule_f_t_n(:,:,11) = [0; 0; 0; 0; 0; 0; 0; 0; 0; 0; 0; 0; 0; 0; 0; 0; 0; 0; 0; 0; 0; 0; 0; 0; 0; 0; 0; 0; 0; 0; 0; 0; 0; 0; 0; 0; 0; 0; 0; 0; 0; 0; 0; 0; 0; 0; 0; 0; 0; 0];
schedule_f_t_n(:,:,12) = [0; 0; 0; 0; 0; 0; 0; 0; 0; 0; 0; 0; 0; 0; 0; 0; 0; 0; 0; 0; 0; 0; 0; 0; 0; 0; 0; 0; 0; 0; 0; 0; 0; 0; 0; 0; 0; 0; 0; 0; 0; 0; 0; 0; 0; 0; 0; 0; 0; 0];
schedule_f_t_n(:,:,13) = [0; 0; 0; 0; 0; 0; 0; 0; 0; 0; 0; 0; 0; 0; 0; 0; 0; 0; 0; 0; 0; 0; 0; 0; 0; 0; 0; 0; 0; 0; 0; 0; 0; 0; 0; 0; 0; 0; 32; 32; 32; 32; 32; 32; 32; 26; 0; 0; 0; 0];
schedule_f_t_n(:,:,14) = [0; 0; 0; 0; 0; 0; 0; 0; 0; 0; 0; 0; 8; 45; 45; 45; 45; 45; 45; 45; 45; 45; 45; 45; 39; 0; 0; 0; 0; 0; 0; 0; 0; 0; 0; 0; 0; 0; 0; 0; 0; 0; 0; 0; 0; 0; 0; 0; 0; 0];
schedule_f_t_n(:,:,15) = [0; 0; 0; 0; 0; 0; 0; 0; 0; 0; 0; 0; 0; 0; 0; 0; 0; 0; 0; 0; 0; 0; 0; 0; 6; 6; 6; 6; 6; 6; 6; 6; 6; 6; 6; 6; 6; 6; 6; 6; 6; 6; 6; 6; 6; 6; 6; 0; 0; 0];
schedule_f_t_n(:,:,16) = [0; 0; 0; 0; 0; 0; 0; 0; 0; 0; 0; 0; 0; 0; 0; 0; 0; 0; 0; 0; 0; 0; 0; 0; 0; 0; 0; 0; 0; 0; 0; 0; 0; 0; 0; 0; 0; 5; 0; 0; 0; 0; 0; 0; 0; 0; 0; 0; 0; 0];

% cost function results
costTotal = 5390526;

% per run statistics
per_run_cost = [5584179, 4712146, 5636074, 6307780, 4618871, 4643980, 5548095, 5510905, 5710997, 3772519, 6308925, 6460802, 4946803, 6466627, 5722566, 5894378, 5103985, 5697684, 5889456, 5519607, 4276908, 6153004, 2884642, 5849539, 5915280, 4185262, 4077614, 5299583, 4885556, 5609230, 6095376, 4805891, 5576317, 6471491, 4684656, 5561038, 6139075, 4791789, 5475553, 5533187, 6023045, 5200036, 5242585, 5576192, 4414422, 4616988, 4134480, 5347915, 4503980, 5919373, 3807408, 4719482, 6189920, 5068803, 5869217, 5349080, 3678978, 5782534, 5848689, 5851811, 5654648, 6337630, 5500625, 4517472, 4956851, 3632903, 3566516, 5518806, 4536556, 6378132, 5481074, 5539885, 6003179, 4098029, 4986885, 3691398, 6066899, 3470778, 5461849, 6063484, 4947860, 5352656, 5810859, 5954778, 5661249, 5856373, 6775761, 5602104, 6462182, 6297757, 6404605, 4750429, 5995176, 4951946, 6183143, 5678294, 5565734, 5819965, 5591711, 4874495, 6302086, 5796359, 5912877, 5894443, 5503576, 4486209, 5855140, 4546251, 6653649, 4870836, 4812377, 4333096, 6193562, 4420195, 5059609, 5133925, 4598884, 6447518, 5380311, 4731419, 5874961, 5678722, 6150849, 4334950, 5530632, 5363505, 5258431, 6188115, 6458624, 5298090, 4497143, 3830608, 5670705, 5198148, 4508708, 4544954, 5362825, 4636040, 4655747, 3844025, 5984431, 5527002, 5148632, 5720697, 4947159, 5123765, 5679940, 5341133, 5600208, 6044812, 4893203, 5290719, 6408331, 5538866, 6527530, 3804981, 6419753, 5320585, 5117205, 6676037, 5938266, 6406254, 5777869, 4048901, 5274932, 5185963, 4992682, 5236052, 4911845, 5579503, 5306717, 5590902, 4962829, 5758566, 5610039, 6052244, 5147924, 5316485, 5984341, 5000253, 4947334, 5323485, 6539281, 5445811, 5440210, 6905212, 4653804, 5592675, 5969156, 4974543, 5556049, 5984724, 5606498, 6004333, 6746495, 5794863, 5523672, 7164940, 5554143, 5889432];
per_run_duration_us = [52404, 67895, 52784, 50258, 51371, 57151, 60916, 65015, 51963, 49216, 78282, 53877, 54843, 64359, 68074, 61581, 62940, 56378, 60285, 71313, 73986, 64745, 58317, 73430, 69628, 96144, 52376, 53173, 49985, 48481, 67427, 85367, 52199, 73048, 55253, 49299, 73571, 55062, 59429, 61098, 52578, 54541, 61444, 72898, 67885, 66317, 80124, 64657, 71276, 62062, 78293, 78405, 62895, 71741, 66374, 69154, 57926, 72730, 59699, 82483, 67493, 71909, 53982, 69287, 73541, 77656, 71141, 71965, 71228, 73002, 67518, 59216, 99632, 65667, 69649, 88760, 105936, 83668, 69230, 67069, 73912, 77872, 72024, 68224, 82983, 71637, 72898, 61201, 70593, 61186, 66420, 77635, 106031, 89972, 103538, 108218, 122326, 59606, 68500, 82832, 124888, 96584, 169433, 70204, 125689, 65634, 158331, 70816, 76943, 70401, 71680, 83848, 56187, 84554, 184089, 94678, 88396, 65834, 78807, 74815, 62937, 150761, 132043, 84820, 81152, 95648, 68183, 80359, 67181, 64791, 84970, 100395, 68245, 70915, 91390, 64636, 93804, 114185, 133320, 87808, 94281, 64143, 93168, 72896, 62446, 76701, 97631, 75381, 97330, 69021, 73119, 77903, 79576, 89123, 71869, 73102, 68380, 71031, 67770, 92001, 82522, 81284, 79682, 72702, 65900, 61850, 71524, 75906, 109659, 88682, 65259, 81315, 87558, 81076, 63896, 78209, 67208, 83708, 86624, 88314, 69032, 90224, 73309, 66903, 66530, 106845, 103129, 84605, 89717, 89763, 80652, 54531, 123676, 114389, 128098, 112871, 117858, 86597, 86174, 74282];

